# 3D point list with one line of data per point:
#   POINT3D_ID, X, Y, Z, R, G, B, ERROR, TRACK[] as (IMAGE_ID, POINT2D_IDX)
# Number of points: 1122, mean track length: 3.53209
9 2.33433 8.09602 13.4497 70 59 55 0.368055 14 1133 16 957
952 1.81977 -0.00920952 13.9246 119 116 111 0.932928 14 86 3 1522 4 1796 5 803
65 3.33363 0.0556173 14.9839 35 34 28 0.571018 16 96 1 124 15 117 17 126
1008 1.8124 -0.0302202 13.8696 128 128 117 1.67956 13 2522 3 2873 4 2465 9 1716
1 4.36174 -2.21546 11.3643 121 108 74 0.176071 14 49 3 1507
944 -1.38932 7.93442 13.3986 100 92 89 0.710087 13 960 3 951 4 866
2 1.98076 0.835369 12.042 5 2 1 1.15715 14 213 16 1185 1 231 15 1929 17 1264 2 1656 13 202 3 1595 5 936
3 -1.08322 0.982878 10.069 59 49 50 1.33951 16 1215 1 278 15 329 17 318 2 253
1064 1.64403 7.20244 15.1239 89 124 143 1.00707 2 1954 4 1984 5 1432 9 1593
387 3.29868 -0.00268463 15.1524 20 29 48 0.798635 1 3369 15 1831 17 1847 2 1578
4 2.37649 7.98353 14.2065 87 80 74 0.0837729 14 957 16 1577
5 2.88552 7.98612 14.1833 96 89 83 0.198553 14 966 16 773 13 966 3 1032
948 -2.81708 8.05549 12.3065 68 63 59 0.301112 13 1177 3 1119 4 1643
397 -1.12098 0.993551 10.0421 166 166 176 0.810851 1 3433 15 1973 17 1286
6 2.33 7.99092 14.1593 50 41 37 0.655681 14 968 16 818 3 1961
7 2.1213 8.02936 13.9818 88 79 74 0.517348 14 1013 16 885
1124 -1.9844 1.04108 9.73995 151 116 86 0.91376 4 1871 5 1307 9 923
407 2.47495 7.97262 14.2934 49 41 38 1.34561 14 2103 16 1990 15 2349
8 3.58392 8.0309 13.9191 40 21 23 1.13963 14 1036 16 1551 17 789 2 2102 13 1063 3 2015
1126 -2.20322 1.14175 8.85334 155 154 152 2.08607 3 2269 5 1333 9 1304
401 6.98631 8.08416 14.4371 96 78 69 0.51832 16 618 15 2273 17 674
10 3.56629 8.14163 13.3155 81 70 65 0.0408513 14 1176 16 842
11 3.29609 8.22149 12.6037 96 85 81 0.598201 14 1386 16 1001 1 1261 15 1180
395 2.9151 0.655566 11.9785 13 13 13 0.909477 14 1633 15 1905 13 1300 5 908
12 3.57757 8.23919 12.4914 67 54 48 0.528574 14 1416 16 1659 2 2266
13 4.67987 8.27437 12.4662 115 96 90 0.360924 14 1433 16 887
956 2.00118 2.03415 7.60035 135 137 136 1.33732 3 1742 9 1676
405 1.60677 7.83036 15.1005 9 11 11 1.03559 1 974 15 2330 2 754 13 797
14 4.62512 8.28541 12.4326 87 66 61 0.243 14 1444 16 900
15 3.29904 0.0865797 15.0769 13 25 41 0.841737 14 1562 16 1722 1 3370 15 1833 17 1207
1132 -2.11306 0.882877 9.69605 93 75 63 0.212008 4 2352 5 1545
415 0.907574 7.97656 13.9806 54 49 45 0.464154 1 1179 15 2420 2 2096 13 1743 3 1949
16 2.96156 0.648702 11.9509 10 8 8 1.14007 14 1631 16 1751 1 2318 15 1902 2 2431 13 1954 3 2234 4 2157 5 1279
17 3.22896 8.01368 14.0984 46 33 33 1.31879 14 2133 16 1554 1 1013 2 2078 13 1773 3 2529
896 -0.781705 1.56836 5.22919 14 13 11 2.15222 14 3848 13 3011 3 3425
1134 -2.22496 1.06842 8.82655 17 16 14 1.50828 4 2168 13 2662 5 1555
409 -0.271324 7.26784 13.8946 26 42 57 1.07509 14 824 16 2012 15 2374 17 2111 2 2000 3 760 4 730 5 687
18 3.25792 8.01743 13.9453 56 41 41 1.16291 16 1985 1 3672 2 3091 3 2539
19 2.68753 8.00743 13.903 50 30 31 1.098 14 2140 16 1581 1 2840 15 2363 13 2224 3 2530
403 6.65199 8.0914 14.1174 144 138 147 0.91157 14 2754 16 1460 15 2283 17 712
20 3.66283 8.0966 13.4511 96 87 80 0.515191 14 2195 16 1573
21 4.30375 8.1216 13.4975 86 59 68 1.08942 14 2197 16 1553 15 2350 17 1572 2 2149
900 1.92857 7.67901 15.483 97 99 104 1.11811 1 4999 13 3045 3 3433
413 0.974399 7.93904 14.2392 73 68 64 0.552183 14 2101 15 2392 3 1928
22 4.05108 8.12738 13.3842 54 43 41 0.725932 14 2210 16 1565 1 1055 15 957 2 2154
23 3.88871 8.14578 13.2234 70 58 54 0.510925 14 2232 16 1582
1140 -2.13811 0.80581 9.55663 80 30 33 0.821222 4 2482 5 1673 9 1638
487 -2.59015 1.01374 7.56457 14 14 14 1.61194 1 4002 15 3509 2 3221
24 4.36604 8.15254 13.1502 24 12 11 0.867088 14 2242 16 1989 1 2847 15 2366 17 2086 2 2752 3 2601
25 3.14286 8.185 12.792 85 74 68 1.18769 14 2283 16 1654 2 2229
904 -0.77143 1.36549 5.32722 155 128 98 1.89619 14 3911 13 3063 3 3450
481 -1.80647 8.01674 12.9976 36 28 25 0.822348 14 3168 15 3431 2 3129
26 2.99241 0.598463 11.9255 140 34 40 0.785636 14 2437 16 1744 1 3389 15 2740 17 1232 2 2888 13 1948 3 2229 4 2145 5 1534
27 2.99459 0.598443 11.93 140 34 40 0.78981 14 2438 16 1743 1 3388 15 2739 17 1231 2 2889 13 1947 3 2228
1024 2.22798 6.95718 17.2785 95 99 102 0.697733 13 2785 3 3182
411 4.08638 8.16591 13.067 85 76 69 0.697651 16 1588 15 2378 2 2190
28 2.91395 0.610082 11.959 136 28 41 0.944395 14 2439 16 1747 1 3390 15 2746 17 1870 2 2890 13 2326 4 2146 5 1532
29 2.91395 0.610082 11.959 136 28 41 0.944395 14 2440 16 1748 1 3391 15 2747 17 1871 2 2891 13 2327 4 2147 5 1533
908 2.63417 8.02736 13.8716 69 62 53 0.56811 16 1596 1 1065 15 2368 13 1791 14 2146 17 1603 2 2112 3 1999
1026 1.3869 7.61146 16.4952 45 45 45 1.50256 13 2793 3 3192 4 2671 5 1916
485 -1.86516 8.00939 12.9348 69 60 59 0.668146 14 2811 15 3435 2 2778 13 2240 3 2518 4 2054
30 2.48618 0.659343 12.497 136 120 105 1.85741 14 2441 16 1761 17 2267 15 3184 13 1951 3 2233 4 1852
31 2.76325 0.643896 12.0192 121 30 43 0.775419 14 2446 16 1753 1 3396 15 2755 17 1874 13 1953 3 2651 4 2153 5 1541
431 -0.698205 8.1386 12.6152 44 35 30 0.57488 14 2297 15 2634 2 2811
32 2.76308 0.644151 12.0202 121 30 43 0.750383 14 2447 16 1754 1 3397 17 1875 13 1952 3 2650 4 2152 5 1540
33 2.48266 0.709075 12.5539 1 2 0 1.03079 14 2449 16 1178 1 2339 2 2434 13 1302 3 2237 4 1856
848 1.80666 -0.0302547 13.8959 172 169 160 1.95351 2 3184 13 2521 3 2872 4 2464 9 1715
1086 1.85264 0.21208 14.6301 181 177 176 0.605727 4 217 5 140 9 155
425 2.60525 8.23038 12.5451 51 42 37 0.32451 1 1340 14 2317 15 2485
728 1.24633 -0.336178 14.4664 24 24 22 3.31115 14 3960 2 3874 13 3111
34 2.48088 0.707816 12.5567 1 2 0 0.619511 14 2450 16 1177 1 2340 15 1916 17 1251
419 3.49516 8.23346 12.5244 37 26 19 0.616209 14 2323 15 2446 17 1624
36 2.1746 7.95309 14.3031 54 45 40 1.6833 14 2734 16 1997 1 2828 15 2355 13 2202
37 2.84357 8.02937 13.8598 44 33 29 0.256283 14 2761 16 1580
852 2.69188 7.41757 16.8854 61 53 50 1.73551 14 3072 5 1421
429 -1.86713 7.97327 13.3971 107 112 116 1.32554 1 3056 15 2592 2 1065
732 2.54861 0.0976835 15.8079 201 197 196 0.575038 14 91 13 78 3 1525
38 3.06525 8.02761 13.8265 79 66 62 0.565784 14 2764 16 1995
39 4.41575 8.13521 13.159 86 48 54 1.54322 14 2809 16 1986 1 3680 15 2362 17 1580 2 2748 3 2858
40 2.64146 8.13544 13.0495 57 47 43 0.675501 14 2815 16 1657 1 3717 15 3033 17 2103 2 2767 3 2583
41 2.63902 8.13272 13.0447 57 47 43 0.658005 14 2816 16 1656 1 3718 15 3034 17 2102 2 2768
856 0.97827 0.563846 14.3245 75 62 56 0.797361 14 3408 4 2478
433 0.211585 8.19735 12.1624 42 34 31 0.978469 14 2356 15 2639 2 2315
1030 2.19021 1.84883 7.50814 141 141 141 0.589051 13 2771 3 3252 5 1907
42 2.64763 8.17385 12.8384 101 90 86 0.509469 14 2834 16 2034 1 3730 15 3047 2 2786 3 2854
43 5.16593 8.28022 12.5321 100 80 75 0.865622 14 2853 16 2000 15 2387 17 801 2 2816
427 4.40816 8.45969 11.3014 113 104 92 0.285812 1 3010 15 2545 17 1661
44 4.89983 8.27588 12.5064 116 95 90 0.915407 14 2856 16 2003 1 3695 17 1587 2 3139
45 5.47251 8.32994 12.3808 95 75 76 2.36127 14 2877 16 1579
860 -1.55885 1.42364 6.72131 61 50 46 0.931904 14 3556 13 2678 3 3070
437 3.64892 0.709089 11.9696 146 131 126 1.95807 14 2453 15 2750 13 1958 3 2653
46 3.64842 8.27398 12.2384 99 86 79 1.22962 14 2883 16 2036
47 3.64842 8.27398 12.2384 99 86 79 1.22962 14 2884 16 2035
447 4.82064 8.18567 13.1844 33 29 26 1.96566 16 1979 15 2997 2 3121
1036 2.03583 1.91287 7.4297 11 11 11 1.3673 13 2976 3 3403 4 2773 5 2010 9 1996
48 4.23593 -2.28831 11.196 138 126 76 1.56157 14 2907 16 2063 17 2228 13 2286 3 2865
49 5.66319 0.930928 11.9858 15 5 3 2.04106 14 2941 16 1740 13 2336
928 3.93861 0.796469 12.3876 89 77 66 0.892914 13 197 3 238 5 1306
1038 4.50724 7.74862 14.6809 77 72 66 1.01775 14 3822 3 3436
50 -4.1534 0.769753 7.29078 192 208 234 1.54981 16 2283 1 4309 15 3518 13 2341 3 2663 4 2128 14 2965 5 1263 9 1236
51 3.40928 -0.487171 15.1303 176 172 164 1.59794 14 3227 16 2070 1 4268 13 2519 3 2871 5 1647
435 3.31701 -0.063731 15.2498 157 152 112 1.058 14 2397 15 2708 2 2868 14 2913 13 1906 3 2181
52 4.22892 8.2265 12.7625 77 66 64 1.29612 14 3522 16 2450 1 4439 15 3595 17 2648
53 5.51812 8.35442 12.321 128 100 97 1.38254 14 3523 16 2446 1 4436 15 3594 17 2637
932 1.60642 7.21515 15.0033 61 76 94 0.704503 13 703 3 707 4 742 5 676
445 8.57269 8.4806 12.5541 137 123 114 0.464815 1 2805 15 2973 17 1528
54 5.11159 8.29749 12.5929 96 72 68 1.90339 14 3625 17 2636 17 2789 2 3545
55 4.1521 8.14284 13.1782 64 50 47 0.314617 14 3704 16 2593
391 5.4086 0.838871 12.0648 79 64 63 0.311114 1 2310 16 1134 15 1893
1044 1.66261 0.170327 14.6765 131 128 126 1.79863 13 2638 3 3031
56 3.41847 -0.341046 15.1471 67 101 28 1.04255 14 3714 16 2543 1 4767 15 3892 17 2940 2 3638 13 2896 3 3288 5 1933 9 1918
57 5.4522 8.52176 12.6561 127 102 98 0.830422 16 2636 17 3028
936 1.60072 7.53682 14.863 87 99 113 0.431422 13 770 3 773 4 836 5 742
385 12.8376 0.141441 16.5954 70 65 59 0.907984 1 114 15 1822 17 112
1046 1.63456 0.282403 13.9066 158 151 149 2.20197 15 3964 3 3342
58 4.66446 8.23975 12.4983 98 79 73 1.13869 14 3939 16 2734
59 5.3985 8.07581 12.8091 4 4 2 0.286401 14 3950 16 2751
60 10.2447 -7.58998 17.5574 139 125 124 0.905 16 1077 1 31 17 26
61 3.43706 -2.32811 12.4853 123 108 76 0.932323 14 56 1 83 17 75 16 1093
940 0.0148901 7.57417 13.6573 145 150 156 0.167579 2 874 3 877 4 1604
1058 2.56351 6.91494 17.2717 159 161 157 1.4633 3 597 13 581 4 1462 5 1083 9 1368
389 12.6328 1.57171 16.2871 110 118 121 1.29237 1 2331 15 1861 17 162
62 12.7356 0.0918228 16.457 149 142 136 0.847258 16 82 1 110 15 102
63 12.5004 0.0714368 17.0131 99 95 89 1.09924 16 83 1 113 15 104
1116 -0.715019 1.59518 5.33974 158 134 103 0.983807 3 2316 4 2191 5 1040 9 1554
463 2.79829 0.544145 12.0954 47 46 44 0.311313 14 2935 15 3182 13 1940
64 3.2758 -0.11928 15.3189 156 148 127 0.564177 14 1557 1 119 13 1241 3 1521
1118 2.42227 7.24485 16.8598 154 145 136 1.17893 4 1482 5 1112 9 1123
457 2.84656 8.35236 11.7199 51 44 37 0.158088 1 3793 15 3090 17 1705
66 5.7996 0.857694 11.8605 103 88 85 0.374422 16 133 1 169 15 176
67 5.5578 0.850268 11.9729 94 80 80 0.145727 16 151 1 182 15 195 17 172
451 2.09468 8.03373 13.3936 94 35 55 0.624256 14 2789 16 1647 15 3024 3 2558
68 5.52175 0.882098 11.9761 129 115 114 0.465325 1 196 15 204 16 160
69 2.56588 0.671006 12.1521 4 4 4 0.987245 16 215 1 205 15 213
1012 -0.728717 1.60568 5.26844 23 17 18 1.14701 2 3251 14 3027 3 2929
461 1.72271 -0.0120899 13.7818 98 90 83 1.42015 1 3951 14 3229 15 3167 2 3186 13 2523 3 2874 4 2466
70 1.83584 0.631602 13.1944 61 43 43 1.09762 16 232 1 211 15 221 14 1618 13 162
71 4.25185 0.892784 11.698 158 139 132 1.15263 14 235 1 214 13 1341
471 2.55129 8.03628 13.7752 46 35 33 0.519487 1 4142 15 3359 13 2498
72 2.46269 0.742774 12.5684 170 148 127 0.846104 14 192 16 1181 1 220 15 1921 17 1253 2 1642 3 220
73 -1.15869 0.904201 10.2221 21 20 33 0.382275 16 282 1 265 15 301
1016 2.13542 0.457775 14.4933 201 196 192 1.79018 13 2530 3 3038 4 2477 5 1757 9 1738
465 2.02648 0.783742 12.1266 160 135 104 1.77376 16 1766 15 3187 17 1884
74 -1.08322 0.982878 10.069 53 40 31 1.33951 16 1216 1 279 15 330 17 319 2 254
75 -1.54438 0.956692 10.1337 55 77 70 0.174987 16 303 1 283 15 341
459 4.99025 8.64427 10.47 68 54 51 2.05459 1 3816 15 3117 17 1694
76 -4.09155 0.53006 7.50762 51 49 50 0.533842 16 1235 1 284 17 1308
77 -1.50164 1.00221 9.66971 13 24 17 1.23716 16 1228 1 305 15 367 17 1297
1020 1.53171 7.27529 16.4359 64 62 67 0.530732 13 2694 3 3088 4 2525
469 5.86756 7.86881 14.9811 70 68 73 0.916569 14 3112 15 3311 2 3059 13 2472
78 -3.9812 0.711121 7.42208 67 67 65 0.859352 16 376 1 333 15 469 17 448
79 -1.94798 1.03479 6.98503 140 132 119 0.538659 16 354 1 374 17 379
479 2.66416 8.27017 11.5977 26 20 16 0.564622 1 4192 15 3414 17 2154
80 -1.4472 1.44505 6.73146 24 11 4 1.74912 16 1344 1 486 17 1417
801 -0.689446 7.58722 13.4968 71 63 60 0.298026 2 3085 13 1700 3 2474
81 -1.4472 1.44505 6.73146 24 11 4 1.74912 16 1343 1 487 17 1416
960 1.12055 7.60574 16.3054 115 116 118 2.22099 13 1600 14 716 3 1833
473 0.111022 7.41914 13.9257 82 87 93 0.808753 1 3685 15 3361 2 3068
82 7.17734 8.03199 15.1261 124 110 97 0.55171 16 1423 1 756 15 2263
83 7.75956 8.16567 14.3806 98 88 76 0.400119 16 603 1 789 15 787
467 -0.692271 1.52985 5.29559 168 141 122 1.40822 14 3301 15 3287 13 2390 2 2950 3 2699
84 5.66509 7.89105 14.9336 98 102 103 1.70375 14 2049 16 628 1 793 13 1712
805 3.37144 7.98568 13.8933 59 44 41 0.504642 2 930 13 1799 3 2005
85 6.10553 8.01712 14.8128 121 112 105 1.09826 14 2717 16 1448 1 802 15 2274 13 2211
964 0.0755307 7.42275 13.8501 84 87 96 0.957119 2 816 3 1887 4 1569 5 1189 9 1169
477 2.03898 8.24967 12.159 26 14 14 1.20709 1 3778 14 2889 15 3404 17 2676
86 7.05211 8.09344 14.3717 97 83 74 0.879321 16 619 1 806 14 2118 15 794
87 6.12611 8.01954 14.7124 111 102 93 1.01937 14 2081 16 634 1 809 2 2029
88 6.57354 8.07482 14.3197 152 148 148 1.0655 14 2119 1 827 15 806
809 3.27647 -0.00561059 15.2577 50 61 71 1.57729 14 2914 13 1907 3 2184 5 808
89 5.95635 8.02179 14.5674 73 60 52 0.666335 14 924 16 647 1 831
968 1.59743 7.95683 14.2951 88 83 79 0.361309 15 983 3 1938 4 2093
90 5.64326 8.00192 14.5751 107 98 89 1.15822 16 1469 1 844 15 2281 14 2089 2 2037
91 7.66267 8.23062 13.7815 112 103 93 0.976474 16 638 1 852 17 686
475 -0.269512 8.05112 13.1477 34 27 19 0.763332 1 4182 14 2803 15 3401 2 2757 3 2533
92 6.0694 8.06607 14.2492 96 84 72 0.591954 16 665 1 867 2 2061
813 -1.87802 0.913462 10.2446 60 23 25 2.24363 2 2449 13 1965
93 6.00821 8.08433 14.2183 122 110 98 1.75942 14 2134 1 874 2 2698 13 2250
972 -1.58753 8.02714 12.9666 59 46 40 0.617715 13 1815 3 1977 4 1656
94 6.745 8.16057 13.6897 111 92 60 1.43967 14 2186 16 1479 1 909 17 720
95 5.98557 8.12528 13.9215 99 85 72 1.09559 14 2154 16 1494 1 925
1148 2.49618 7.42383 16.9258 85 86 88 0.817093 4 2529 5 1811 9 1786
495 -1.92815 7.98481 13.2015 40 36 37 1.94145 1 4480 14 3371 15 3634 2 3332 13 2492 4 2264
96 6.85851 8.23818 13.5433 59 55 48 1.37049 14 2801 16 1490 1 935 17 725
97 6.73509 8.22692 13.5194 57 50 40 1.42121 14 2216 16 695 1 936
1150 -2.23615 0.87375 10.4291 146 155 162 0.858453 4 2573 5 1839 9 1741
489 8.28264 8.30889 12.9851 143 142 140 1.50066 1 4116 15 3574 17 2609
98 6.59696 8.22584 13.5077 52 50 43 1.2542 14 2219 1 941 17 734
99 3.1591 7.9473 14.5759 60 54 48 1.42923 16 1533 1 959 17 771 2 830 13 1717
483 4.27971 8.58618 10.6176 84 77 71 0.942048 15 3433 17 2151
100 1.86205 7.90538 15.142 3 7 7 0.365583 16 1547 1 971 15 895
101 1.81612 7.86305 14.9829 57 55 53 0.682414 16 765 1 983 13 813 3 837 4 945
916 -3.73033 0.928837 7.34996 73 70 65 1.81608 2 3660 13 2839 3 3237 5 1893 9 1817
1034 -3.23885 -3.49347 30.1523 11 12 14 0.648247 2 3754 3 3389
493 4.22593 8.2561 12.4144 37 18 14 0.205933 16 2454 15 3599 17 2796
102 3.19187 7.99092 14.3477 36 33 28 0.734679 14 2099 16 751 1 989 2 2058 13 1753
103 3.36163 8.0188 14.0862 52 36 36 1.35361 14 988 1 1003 13 1775 3 1079
1092 -1.42418 0.88394 10.2384 116 109 102 1.67612 3 264 5 295 9 274
503 6.0085 8.76153 10.0526 114 100 97 1.31473 1 4646 15 3788 17 2664
104 3.37165 8.03325 14.1115 52 36 36 1.00359 14 987 1 1004 13 1774
1094 -1.34409 1.007 9.71301 67 69 58 0.432682 3 1640 4 1333 5 333
497 13.2652 0.00466777 16.6065 62 57 54 0.748526 1 4507 15 3648 17 2509
106 4.38219 8.12968 13.4144 59 54 48 0.713184 14 2208 1 1026 15 931 16 766 2 2153
107 3.02342 8.0371 13.8561 45 34 30 0.679287 14 1046 16 803 1 1052 15 949 13 1058 3 1109
1040 -1.37348 1.61596 5.37205 147 111 78 2.04744 14 1848 4 1392 5 1036
491 5.35558 8.2924 12.3205 84 75 68 1.45318 14 3394 17 2639
108 1.48354 7.9361 14.4987 38 33 28 0.525307 16 848 1 1056 15 956 2 849
109 4.53851 8.1766 13.1821 43 42 37 0.487893 16 779 1 1057 2 2180
924 1.71732 -0.0377125 13.7596 47 47 45 1.25788 13 71 3 105 4 1219 5 801 9 1211
1042 1.19456 7.10621 15.0754 55 51 48 0.183614 13 1605 3 1838
501 6.32462 7.71082 15.0962 82 76 80 1.11509 1 4399 15 3735 2 3528 14 3601
111 2.64085 8.03527 13.8845 72 65 59 0.406605 16 1597 1 1066 13 1792
1100 3.31271 1.02907 10.6173 150 130 124 1.06658 3 295 5 416 9 511
511 -2.03256 8.01268 13.1004 49 47 48 0.987902 14 3515 15 3886 13 2719
112 2.63656 8.0251 13.7933 49 40 35 0.595611 14 1057 1 1081 15 988 3 2003
113 2.09163 8.02415 14.0621 45 38 32 0.193903 16 872 1 1091 15 1000
992 0.136831 7.71148 13.8946 117 122 123 0.64723 13 2195 3 2476 4 2429
114 3.54817 8.11318 13.3357 53 46 36 0.833148 14 1166 16 1595 1 1097 2 2164
115 2.47145 8.05759 13.751 44 33 28 0.792306 14 1072 16 1614 1 1110 15 1012
1048 1.85686 -0.029256 13.8887 23 16 17 0.803697 3 106 4 186 5 101 9 782
499 -3.09551 0.713829 8.08558 29 21 19 1.86196 1 4535 15 3678
116 2.45814 8.03065 13.7033 44 33 28 0.57606 14 1071 1 1111 3 1108
117 2.47367 8.04805 13.666 77 69 64 0.65328 14 2167 1 1118 2 2134 15 2385 13 1817 3 2014
996 -2.74078 8.03264 12.4479 132 132 130 0.491021 13 2258 3 2534 4 2053
1050 -2.11045 0.848116 9.55659 135 114 95 1.60305 13 230 4 311 5 277
509 0.0520519 7.47835 13.7503 107 116 123 0.824132 1 4744 15 3875 17 2814
118 0.560467 7.90034 14.4103 38 33 27 0.678124 14 908 1 1130 2 859 3 1905 4 896
119 4.59784 8.23889 12.7239 66 56 44 0.197142 16 837 1 1131 15 1044
1108 2.00804 0.321306 14.8346 195 193 184 0.588424 4 1822 5 841 9 818
455 2.39568 8.13665 13.1334 55 45 43 1.14031 1 3722 15 3040 17 1641
120 1.2578 7.98384 13.9893 81 77 66 0.788855 16 964 1 1154 15 1069 2 2095 13 1755 4 1746
121 5.48204 8.35141 12.2038 87 73 62 0.725627 16 851 1 1161 15 1076
1000 -1.7191 0.795874 10.1378 53 27 27 0.342623 2 2901 4 2139
1110 -2.12459 0.797144 9.48909 71 25 25 1.03754 4 1288 5 894 9 866
449 4.35976 8.18731 12.8284 33 4 6 0.696201 15 3014 2 2785
122 0.930713 7.97397 14.0479 40 33 27 0.600543 14 2127 1 1170 15 1084 2 918 13 935 3 1945 4 1717
123 1.80772 8.06809 13.3732 36 29 21 0.712093 14 1138 1 1224 15 1133 2 1063 13 1117 3 1154
507 5.87172 0.938829 11.9659 27 16 10 0.829515 16 2475 15 3812 17 2858
124 4.0593 8.28339 12.3548 96 86 76 0.551204 14 1459 16 975 1 1248 15 1166
125 2.82974 8.17849 12.8164 52 43 37 0.441751 16 1017 1 1257 15 1174
1004 1.32863 7.28557 16.5404 80 81 81 1.14973 13 2114 3 2745 4 2399 5 1610
453 4.2593 8.21646 12.3707 110 69 75 0.4928 1 3708 15 3031 2 3142 14 3201
126 2.57015 8.15931 12.9 52 45 37 0.854568 14 1281 1 1259 15 1179 2 1162 3 1371
127 2.61986 8.17242 12.8847 48 39 32 0.865149 14 1293 16 1675 1 1263 2 1175
128 4.40786 8.32928 11.9579 116 104 92 0.726027 16 1663 1 1293 17 1615 2 2345
314 10.4269 -7.94908 17.4842 107 107 115 1.10858 16 2676 1 4968 15 4049 17 3084
129 3.04849 8.23325 12.494 42 35 27 0.685851 16 1685 1 1306 15 1227 14 1411 2 1296
130 -0.118053 7.98117 13.6547 30 23 17 0.813656 14 1066 1 1329 3 983 4 992
260 -1.74674 7.97227 13.4341 42 38 37 0.808414 14 2782 1 4194 15 3417 2 2737 13 2208 3 2487 4 2025
131 2.43066 8.20328 12.5711 76 67 59 0.596876 14 1387 1 1345 15 1275
132 2.64161 8.21701 12.4534 77 68 60 0.538585 14 2329 1 1347 15 1280
789 2.72908 7.13127 17.1482 104 111 121 1.08884 1 688 13 1563 3 2367 5 1609 4 2524
318 -3.08356 1.11713 7.25973 14 13 9 0.526341 1 5029 17 3162
133 -0.224697 7.99085 13.5992 54 47 41 0.486467 14 1073 1 1363 2 1017
134 4.53243 8.38057 11.5613 83 70 59 0.687254 16 1059 1 1371 15 1309
312 4.1475 8.23729 13.0374 81 73 63 1.3824 16 2698 1 4960 17 3109
135 -0.119132 8.00795 13.4864 33 26 20 0.448637 14 1094 1 1375 2 1045 4 1047
136 0.303089 8.07904 13.0455 49 45 36 0.512638 14 1217 1 1447 15 1375
793 2.59389 7.40308 16.9523 46 78 106 1.56254 14 666 13 1584 3 1813 4 1970 5 1419 9 1399
258 1.93422 8.19772 12.355 31 21 18 0.722156 14 3199 1 4172 15 3615
137 0.846093 8.12157 12.7824 75 68 62 0.622894 14 1300 1 1461 2 1200 3 1254
138 0.865199 8.15286 12.7567 49 42 34 0.368938 14 1318 1 1479 2 1223
268 3.9777 8.05471 13.8951 59 45 44 0.954386 16 2441 1 4421 17 2627
139 -1.6095 7.97567 13.6203 32 29 24 0.994497 14 1069 1 1528 15 1443 2 1019
140 -1.37292 7.96368 13.3834 39 31 28 0.897717 14 1098 1 1545 17 1787 3 969 4 1614
797 2.19916 7.59364 15.1628 185 196 214 0.785035 14 2021 13 1641 3 2429
262 -2.03021 8.00014 13.1443 25 22 19 0.909396 14 2800 1 4209 15 3429 2 2758 13 2223 3 2505 4 2033
141 -1.41633 7.99953 13.2402 68 63 59 1.1575 14 1145 1 1614 2 1097 3 998 4 900
142 -1.50133 8.01387 13.1996 67 63 54 0.697694 14 1157 1 1629 2 1102 3 1005
256 2.06303 8.07753 13.4678 33 19 15 0.882526 16 2356 1 4152 15 3597
143 -1.74825 7.98595 13.1311 100 107 97 0.829893 14 1161 1 1662 15 1556 2 1109 13 1031 3 1001 4 1619
144 -1.74825 7.98595 13.1311 100 107 97 0.829893 14 1160 1 1663 15 1557 2 1110 13 1032 3 1002 4 1620
865 2.17735 7.64494 15.3035 164 181 200 1.35986 14 3492 13 2706 3 2960
266 -0.767382 1.57086 5.2726 37 41 44 0.843184 1 4357 17 2344
145 9.9882 -9.09185 18.8447 249 240 245 1.25563 16 1703 1 2197 15 11 17 1170
146 12.727 -0.0366958 16.6451 69 61 58 0.886271 16 1715 1 2242 15 1818 17 1841
1159 1.69888 -0.22038 13.9347 16 18 17 2.39231 2 3820 5 2034
276 -1.81486 7.95091 13.4433 95 101 99 1.52114 14 3148 1 4468 13 2615 4 2257
147 12.5655 -0.0360657 17.066 103 97 91 1.99287 16 79 1 2243 15 98
148 12.7073 0.0551648 16.6046 156 147 142 0.579361 16 1098 1 2244 15 1821
869 -2.92443 0.976352 7.7394 95 90 84 1.15082 2 3490 13 2752 3 3149
270 4.28392 8.11976 13.6308 40 41 35 1.66631 14 3616 16 2343 1 4424 17 2404 2 3459 3 3213
149 3.56112 -0.166379 15.1314 172 169 164 0.933513 16 1720 1 2248 15 111 17 122 2 1574 3 1520
150 4.07437 0.329547 14.7755 184 158 152 0.682561 1 2257 17 138 15 2717
264 10.1478 -9.11644 18.6471 149 141 130 1.00493 16 2052 1 4257 15 3156 17 2219
151 4.63285 0.492277 13.2893 8 6 7 0.851453 16 1116 1 2270 15 150 14 142 2 151
152 5.11186 0.799255 12.2087 96 80 69 0.25099 16 1144 1 2305 15 1887
873 -0.248938 1.57799 5.78097 123 95 73 0.531766 14 3663 13 2857 3 3251
274 1.87657 8.17097 12.5422 37 22 19 1.15535 14 3389 1 4450 15 3772 3 3118
153 5.81139 0.890953 11.8344 133 119 120 0.633735 16 146 1 2313 15 200
154 5.10169 0.832238 12.1527 121 109 113 0.809532 14 1661 1 2315 13 1322
1167 0.546468 1.8717 5.37294 35 35 37 1.03633 4 1418 9 1355 5 526
284 5.76126 7.93307 14.8989 99 99 99 1.0544 14 3604 16 2432 1 4603 14 3501 15 3737 17 2611 2 3530 13 2813
155 5.06199 0.870092 12.1415 9 4 1 0.626065 16 1742 1 2319 15 2743 17 1228
156 2.81899 0.673113 12.011 8 7 8 1.48262 16 1168 1 2328 15 2757 13 1303 4 1855 5 284 3 1577
877 1.9634 7.33444 15.3009 88 93 97 1.42244 2 3525 13 2875 3 3263 4 2715 5 1917
1153 0.100977 7.41832 14.1673 88 82 79 0.611492 4 2673 5 1877 9 1912
278 9.87227 -5.56261 19.3044 56 55 61 1.20428 16 2245 1 4502 15 3642 17 2495
157 5.87696 1.00188 11.8367 180 152 128 0.851812 16 1157 1 2334 15 2754 17 191
158 -3.08002 0.628921 8.40395 29 28 26 0.606056 16 1795 1 2398 15 1990 17 1901
272 4.60386 8.13837 13.3142 31 30 25 0.546128 16 2344 1 4428 17 2628 2 3461
159 -1.14628 0.934145 10.1294 93 82 80 1.26169 16 1209 1 2402 15 315
160 -1.15166 0.949471 10.0557 175 174 179 0.840399 16 1213 1 2404 15 1966 17 315
817 -0.139269 1.37882 5.77687 161 135 104 0.310896 14 3007 13 2029 3 2693
161 -1.08076 1.06687 9.53538 115 88 61 2.2199 16 313 1 2430 15 2784
976 2.737 -0.0264177 14.8196 195 190 184 1.30591 13 1245 3 2183 5 805
162 -3.5309 0.718737 8.71325 38 42 43 0.722989 14 254 1 2432 15 394
1111 -0.924506 0.812652 11.4004 98 84 75 0.98207 4 316 5 896 9 875
292 1.82709 0.57807 13.065 168 142 114 1.15624 16 2480 1 4683
163 -2.8804 0.995334 7.75176 5 5 9 1.04197 16 1847 1 2493 15 2824
164 -2.92364 1.02403 7.64741 0 1 2 0.163664 16 1296 1 2513 15 2837
821 0.610932 7.48839 15.6227 78 80 79 0.702851 14 2682 13 2138 3 2762
165 -0.942803 1.63557 5.30739 151 135 115 0.669264 1 2643 15 699
980 3.46517 0.789068 11.8343 52 54 56 0.794306 13 1961 3 2244 9 1313
166 4.40214 7.14913 14.4482 79 83 86 1.87154 16 1429 1 2727 17 1513
167 2.38033 7.44071 16.5323 45 40 37 1.1659 14 2659 1 2730 2 2622
168 7.44699 8.07292 14.629 83 78 72 0.707941 14 2728 16 1427 1 2741
825 1.53592 7.4701 14.8695 59 75 100 0.721037 2 2663 13 2158 3 2419 4 2251 5 1452
290 4.6925 0.536856 13.2881 21 17 14 1.9752 14 3637 1 4680 15 3900 2 3557 13 2831 3 3295 5 1939 9 1932
169 7.85212 8.12915 14.3598 101 89 74 1.32947 16 1937 1 2744 15 786 17 1503
984 2.92249 6.81561 18.2359 112 107 104 1.27263 14 594 3 2355 5 1605
170 7.61934 8.18813 14.0709 99 87 73 0.972497 16 1442 1 2756 15 802
1119 1.88917 0.0393461 15.171 151 147 144 1.65951 4 1803 5 1219 9 1457
300 9.6195 -10.1905 18.7421 255 255 255 1.54037 16 2596 1 4821 17 3041
171 6.60554 8.09201 14.435 107 93 82 0.835762 14 2112 16 1451 1 2760 15 2278
172 6.49488 8.06348 14.2966 151 147 145 0.933369 14 2120 16 1456 1 2763 15 2280 17 707
829 2.4138 8.00945 13.9109 54 38 38 0.73483 14 2757 13 2222 3 2523
1105 2.63454 7.25914 16.994 104 114 126 0.589546 4 1484 5 633 9 1127
294 3.42412 -0.342228 15.1612 68 105 28 0.850118 14 3715 1 4768 15 3893 2 3639 13 2897 3 3289
173 6.9965 8.12268 14.0618 151 151 149 0.507967 14 2759 16 1455 1 2768 17 1522
988 1.77331 7.38273 14.816 124 131 139 0.795207 2 2655 3 2414 5 1454 4 2009
174 5.016 8.02341 14.6811 89 83 77 1.13508 16 1487 1 2780 17 740
288 12.6934 0.00327301 16.4608 62 57 54 1.18259 16 2466 1 4673 15 3798 17 2844
175 6.80964 8.18904 13.6425 107 88 63 0.683646 14 2793 16 1481 1 2790 17 1534
176 5.45734 8.09875 14.278 110 102 92 1.03892 16 1498 1 2792 17 741
769 3.48517 8.06927 13.8544 58 49 42 1.22662 2 2117 14 1058 13 1077
298 2.86804 0.279345 14.7246 203 186 129 1.40727 16 2472 1 4773 17 2854
177 2.67692 7.91094 14.7365 61 56 52 0.656472 14 2064 16 1534 1 2807 2 2022 13 1695
178 3.89956 8.05611 13.7608 37 15 21 0.675324 16 1977 1 2820 17 1574 2 2121 13 1832
308 2.75833 7.8812 14.7185 49 41 38 1.61599 16 2670 1 4918
179 4.0902 8.10504 13.5464 68 63 58 0.581301 16 1556 1 2825 15 930 17 1578
180 4.21868 8.13592 13.3783 55 51 45 0.630686 16 1562 1 2836 15 2360 2 2158 14 1163 3 2109
773 -0.94213 8.0435 12.872 91 82 77 0.790232 14 1248 13 1121 4 1724
1113 -2.92854 0.974539 7.8971 121 114 103 1.55768 4 331 5 948 9 891
302 9.92084 -9.20199 18.7296 144 139 137 1.11027 16 2539 1 4823 15 3953 17 2938
181 2.83099 8.03291 13.9618 35 24 22 0.741074 16 1574 1 2838 15 2361
182 2.91489 8.06224 13.7186 77 68 63 0.583673 14 2162 16 1599 1 2850 15 2369 2 2131 3 2551
296 3.49956 -0.108905 15.0979 231 222 213 0.831424 14 3717 1 4770 15 3895 2 3641 13 2898 3 3290 5 1935
183 4.24815 8.19193 13.0055 67 58 49 1.12755 14 2820 1 2855 15 2381
184 4.32468 8.2045 12.8406 74 63 57 0.409235 14 2281 16 843 1 2864 15 1034
777 2.5753 0.197707 15.7059 140 130 121 1.10037 14 1568 13 1257 3 1529
306 -4.14951 0.743135 7.3371 161 173 189 1.43087 16 2615 1 4841 17 3009
185 5.32327 8.35572 12.2502 128 118 106 1.52338 14 2894 16 1605 1 2876 15 2415
186 5.27491 8.34075 12.1689 83 69 58 1.10615 16 2007 1 2881 15 2419 17 812
316 -1.94343 1.19189 6.94518 28 28 29 1.10221 16 2731 1 5011 17 3137
187 2.05889 8.05376 13.331 103 41 60 2.07837 14 2795 1 2891 15 3375 13 2255 3 2831
188 2.58831 8.14121 12.9801 48 41 33 0.47649 14 2257 1 2906 2 2202
781 -0.93932 0.892307 11.3379 169 152 142 0.727219 14 2466 13 1326 3 1608 9 1273
310 9.92017 -11.0568 20.0735 177 183 205 1.18535 1 4933 17 3080
189 1.98181 8.07599 13.1376 102 45 62 1.24916 14 2805 16 1678 1 2911 3 2837
190 0.279124 7.9924 13.6583 70 63 57 0.514848 14 2161 1 2928 2 2135 13 980
304 9.89554 -5.67411 19.2138 128 122 122 0.873275 16 2600 1 4825 15 3957 17 2998
191 4.81975 8.39509 11.7001 122 110 97 0.974032 16 1669 1 2940 15 2472 17 1613
192 0.865288 8.0504 13.2903 74 69 63 0.830363 14 2207 1 2942 2 2173 13 1825 3 2009
849 1.88701 0.0458502 14.0531 27 26 24 0.739703 2 3188 13 2526 3 2877
378 0.582567 8.18303 12.5225 43 38 34 0.314267 14 1392 15 1496 2 1298
193 4.77938 8.40637 11.7076 72 60 48 1.07081 16 1674 1 2945 17 1617
194 4.77938 8.40637 11.7076 72 60 48 1.07081 16 1673 1 2946 17 1618
324 3.31009 -0.171595 15.1933 182 178 169 1.33416 1 2249 15 113 13 68 5 798
195 2.8764 8.22782 12.4174 51 42 35 0.777868 14 2333 1 2947 15 2478 17 1662
196 0.878392 8.07559 13.2558 38 33 27 0.362253 14 2214 1 2949 15 2480 13 1836
853 1.97473 7.95107 14.1967 52 44 41 0.224793 14 3129 13 2612 3 2990
382 -1.72353 8.01465 13.1134 50 43 41 0.794978 1 3090 15 1573 3 1012
197 0.974076 8.07976 13.1513 60 53 47 0.274054 14 2229 1 2956 13 1854
198 0.0448612 8.04422 13.2315 47 39 33 0.918992 14 2211 1 2997 2 1099 4 2101
376 2.02022 8.25522 12.0829 66 58 55 0.705327 1 1529 15 1453 2 2327
199 0.692474 8.11497 12.8745 38 33 27 0.664843 14 2260 1 3007 2 2221 3 2059
200 -0.281595 8.03719 13.2385 70 63 57 0.638874 14 2797 1 3008 15 2532 2 2747 13 2241 3 2528
857 -0.960974 0.791768 11.3187 177 185 194 0.966678 14 3415 13 2651 3 3047 4 2484 5 1764 9 1743
322 9.1541 -11.04 20.9286 159 165 181 0.814246 16 2752 1 5054 15 4149
201 0.00582175 8.0931 12.94 70 63 57 0.991875 14 2253 1 3020 15 1442 17 2177 2 1156
202 -0.353425 8.09467 12.875 68 60 57 0.715287 14 2258 1 3047 15 2581 2 2222 13 1865 3 2028 4 1763
332 -3.99278 0.694987 7.37401 4 6 5 1.30091 1 330 15 461 2 225
203 -1.66585 7.9767 13.3425 38 33 27 0.536252 14 2190 1 3051 2 2165 13 1762 3 965
204 -1.83909 7.96715 13.3474 19 18 14 0.673048 14 1104 1 3057 15 2595 2 1075 13 967 3 950 4 843
326 3.35712 0.123452 15.0241 89 100 22 0.667335 16 106 15 120 17 129 2 117
205 -1.6191 8.00086 13.16 75 70 64 1.12975 14 2212 1 3067 2 2184
206 0.40383 8.20084 12.2883 45 38 30 1.31004 14 2347 1 3086 15 2614
320 -1.00163 1.53821 5.34217 5 5 3 1.47771 16 2747 1 5048
207 9.49675 -9.71055 18.8987 170 156 154 1.37205 16 1698 1 3325 15 2686 17 1166
208 9.49675 -9.71055 18.8987 170 156 154 1.37205 16 1697 1 3326 15 2687 17 1167
929 1.74201 7.12867 15.2098 30 25 21 0.792127 13 681 3 695 4 1516
330 -1.53373 0.935732 10.1467 2 8 4 0.780987 16 300 15 334 17 327
209 10.0701 -9.09724 18.7109 255 255 235 0.922953 16 1702 1 3332 15 1792 17 1822
210 10.3345 -7.56004 17.6724 255 242 223 0.875617 16 2055 1 3338 17 2220
340 6.46202 8.15285 13.8413 120 103 93 1.07296 14 2171 16 681 15 833 17 724
549 4.72406 7.8992 15.1625 61 53 50 0.291824 14 822 2 747 13 848
211 12.8382 0.107613 16.2424 147 139 134 0.64819 16 1716 1 3363 17 1197
212 4.71035 0.619745 13.3301 25 18 12 0.851512 14 2433 1 3384 2 2426 13 1943 3 2227
933 1.60669 7.21816 15.0092 61 76 94 0.780579 13 704 3 708 5 677
334 5.82846 7.92056 14.9493 96 95 100 1.21332 14 2050 16 625 15 788
213 2.83872 0.623424 11.9766 127 32 40 1.15371 14 2444 16 1162 1 3392 15 2752 2 2428 13 2329 4 2149 5 1538
214 2.83837 0.623512 11.9772 127 32 40 1.10075 14 2443 16 1163 1 3393 15 2751 13 2328 2 2894 4 2150 5 1539
328 5.87937 0.893853 11.8381 111 99 101 0.283524 16 140 15 197 17 165
215 2.54041 0.620716 12.5347 10 10 9 1.52501 16 2104 1 3401 2 2896
216 3.29997 0.969565 10.9896 134 115 108 1.31366 16 1182 1 3407 15 2760
937 0.436181 7.48176 14.3827 75 65 63 0.440825 13 784 3 782 4 1558
338 7.64873 8.17114 13.8663 78 69 62 0.295004 1 834 16 630 15 807
217 -1.38686 0.971639 9.79181 104 101 85 2.18817 16 1221 1 3437 17 334
218 -1.19879 1.02917 9.93037 152 130 107 1.87369 14 3264 1 3439 13 2349
348 3.93404 8.14591 13.242 75 67 61 0.47324 14 1195 16 811 15 998 2 1094
557 1.50094 7.91791 14.3837 47 37 34 0.606444 15 966 2 861 13 883
219 -1.03575 1.06792 10.1583 124 94 68 0.787704 16 1796 1 3440
220 -3.99669 0.681005 7.4226 61 55 55 1.18733 16 1254 1 3445 15 2815 17 1936
941 0.323211 7.93281 14.0449 101 94 88 0.332534 13 904 3 920 4 956
342 2.36244 7.9662 14.2327 45 37 34 0.624034 1 1032 16 802 15 934 3 990
221 -1.88986 1.10359 6.91593 154 127 97 0.425267 16 2276 1 3464 17 2553
222 7.75976 8.09423 14.0439 49 39 37 0.825727 16 2335 1 3593 15 2932
336 5.77149 7.99867 14.9182 97 96 102 0.654569 14 861 16 636 15 795 2 781
545 1.60093 7.32862 14.9 14 39 71 0.906403 14 767 2 706 4 788 9 731
223 7.60892 8.16164 14.1101 104 88 73 0.69339 16 1940 1 3597 15 2934
224 7.62652 8.22436 13.6744 116 104 92 0.864906 16 1946 1 3611 15 2942 17 1519
881 -1.25502 0.920289 10.1836 89 79 73 1.30806 14 3734 13 2910
282 7.71629 8.17761 14.4255 121 103 89 0.798698 16 2431 1 4601 17 2604
225 4.77421 7.94382 14.7673 84 81 72 1.17981 16 1483 1 3612 17 1553
226 7.46076 8.24347 13.6306 114 101 86 0.256293 16 1950 1 3620 15 2945
356 3.337 8.10999 13.264 54 45 40 0.459369 16 871 15 1030 2 1086
227 7.14419 8.17704 13.6527 117 101 88 0.986844 16 1951 1 3621 15 2946
228 6.77545 8.14847 13.4901 157 153 153 1.73724 16 2202 1 3637 17 1535
885 3.02623 7.15085 18.3621 61 58 53 1.96653 14 3674 13 2935 3 3324 4 2712
1161 1.63838 7.30288 14.9026 57 93 120 0.817265 1 888 2 698 5 1179 3 1853 4 1553
286 4.4382 8.15487 13.5298 39 38 34 0.954123 14 3617 16 2442 1 4619 17 2786 2 3538
229 6.73528 8.19632 13.5544 156 156 154 0.858589 14 3158 16 2203 1 3641 17 2051
230 6.79543 8.29881 12.9993 140 126 113 0.491771 16 1966 15 2328
280 1.59769 0.618576 13.624 139 115 92 0.515045 16 2484 1 4524 17 2865
231 4.873 8.25981 12.6364 112 100 88 0.613528 14 2849 1 3689 2 2807
232 5.91563 8.39231 12.2512 117 104 94 1.9737 14 3219 16 1996 1 3691 17 1577
889 1.68711 0.601214 13.3698 1 1 0 1.95771 2 3652 13 2963 3 3347 4 2739
354 3.21793 8.10849 13.371 42 31 29 0.97946 1 1116 15 1018 17 829 13 1877
233 5.81162 8.38179 12.2419 127 116 104 1.82066 14 3218 1 3692 17 2083
234 1.21222 8.00559 13.7521 39 32 26 0.567331 16 2232 1 3706 2 2125
364 1.06978 8.07072 13.3973 82 74 71 0.684621 14 1131 15 1213 2 1071
235 0.889807 8.03696 13.5641 41 39 31 0.554937 14 2779 1 3731 2 2732
236 1.91078 8.09784 13.0866 22 13 8 0.777409 14 2810 1 3732 15 3383
1169 1.2665 0.193039 13.6086 151 145 138 0.706662 4 2471 9 1720
358 2.21566 8.02033 13.5845 107 45 67 1.69463 14 1087 15 1061 13 1072 3 2010
237 1.93264 8.15152 12.5831 91 49 55 1.07749 14 3194 1 3754 3 2855
238 0.339378 8.14498 12.6056 44 35 28 1.20674 14 2300 1 3797 15 2580 3 2082 2 1268
352 -0.0138244 7.37159 13.8323 48 51 56 1.37839 14 843 16 929 15 1011 13 802 4 1557 5 1185 9 1424
239 -1.58633 7.95725 13.3211 51 44 39 0.950403 14 2189 1 3801 17 2211 2 2741 3 1946
240 9.93526 -5.73579 19.0738 78 81 91 1.03074 16 2058 1 3931 15 3159 17 2227
833 3.98715 8.07611 13.6226 57 50 42 0.766309 14 2780 13 2259 3 2568
362 0.234667 7.95753 13.9385 68 60 57 0.392216 1 1245 14 995 15 1159 2 944
241 12.5934 -0.171751 16.8588 114 109 105 1.15526 16 2068 1 3947 15 2704
242 4.69434 0.399368 13.294 184 173 167 1.1112 16 2074 1 3954 17 1848 2 2875
372 -0.15643 8.0601 13.1606 77 70 64 0.485053 14 1181 15 1403 2 1112 3 1091
243 4.7942 0.573491 13.2707 190 163 110 2.23874 16 2252 1 3968 15 3175 17 2249 3 2893
244 3.50848 0.906704 11.7934 82 73 66 0.886464 16 1764 15 3186 17 1880
837 -1.47609 0.485421 10.5472 116 119 126 0.499532 2 3369 13 2321
1177 -4.14643 0.653917 7.6135 19 19 19 0.938545 5 2036 9 2015
366 3.13965 8.28693 12.2277 78 68 61 0.520059 1 1364 15 1299 2 2307
246 -1.08482 0.950652 10.0825 182 181 189 1.7832 16 1777 1 3987 15 2775 17 1281 2 2453
360 0.501534 7.96758 13.8555 85 75 73 0.51456 1 1237 14 1022 15 1144 3 973
247 -2.95153 1.04407 7.6116 1 1 1 0.556536 16 1871 1 4010 15 3249
248 -3.78501 1.49424 6.51845 55 47 45 1.07968 16 2317 1 4053 17 2356
841 0.358325 1.64275 5.45516 146 121 91 1.3417 2 2955 14 3305 13 2393 3 2709
370 2.27253 8.25358 12.1795 33 22 20 0.505669 1 1468 15 1389 17 975
249 -3.78774 1.49199 6.50907 55 47 45 1.62871 16 2318 1 4054 15 2905 17 2357
250 5.62789 7.85212 14.9842 119 123 127 2.18493 14 3352 16 2189 1 4094 15 2930 17 2037 2 3442 13 2714
380 1.09141 8.24353 11.974 40 32 29 0.62197 1 1676 15 1569 17 1064
251 4.05423 7.45606 14.183 74 69 63 0.923277 16 2339 1 4106 17 2616 2 3061
252 4.19643 8.09514 13.8254 34 29 26 0.999849 16 2212 17 2073 1 4128
845 0.0114442 7.72761 13.7133 113 117 121 1.65525 14 2745 13 2471 3 2796
374 2.26567 8.29779 12.0587 28 18 16 0.632986 1 1519 14 1521 15 1440
253 0.834986 7.87983 14.5649 72 67 61 0.878403 14 3120 1 4139 15 3009 3 2786
254 4.43412 8.17939 12.8503 101 90 78 1.07695 14 3382 16 2001 1 4144 15 3367 17 2089 2 3341
368 3.50203 8.3196 11.9094 95 82 73 0.69198 1 1400 15 1331 17 899 2 2363
255 4.20647 8.241 12.5692 74 64 55 1.25677 14 3196 16 2229 1 4151 15 3374 2 3346
257 0.129976 7.98688 13.6295 62 57 51 0.664437 14 3145 1 4163 2 3104 13 2215 3 2510 15 3057 4 2298
688 -2.59143 5.37279 8.33234 121 122 126 2.32182 14 3517 2 3336 3 2798
259 -1.43979 7.954 13.7452 31 32 27 0.680054 14 3138 1 4177 2 3101 3 2795 4 2422
261 -1.69771 8.01191 13.0072 70 65 59 0.896746 14 2807 1 4206 15 3428 2 2773 13 2239 4 2062
692 2.62207 8.27422 12.1783 79 69 68 0.790229 1 4171 14 3214 2 3355
263 10.1478 -9.11644 18.6471 149 141 130 1.00493 16 2051 1 4256 15 3157 17 2218
265 2.38517 0.678784 13.1419 70 35 32 0.483261 16 2263 1 4280 17 2535
696 3.27378 7.6305 17.48 72 64 61 1.22573 14 3479 2 3428 13 2695 3 3189 4 2611
267 4.1423 7.43672 14.0418 80 79 70 2.33392 1 4409 17 2775 2 3316 3 2985
269 3.69214 8.04832 13.8708 39 27 29 0.385173 14 3367 1 4423 2 3326 13 2723
700 -1.82316 7.91265 13.4031 123 124 128 0.888337 14 3614 2 3540 13 2814
271 4.48466 8.1426 13.4369 47 46 43 0.968162 16 2443 1 4426 15 3752 17 2629 2 3460
273 5.59685 8.33937 12.2424 118 106 94 1.68592 16 2349 1 4437 17 2633
640 1.69157 7.56042 14.8307 101 104 108 0.490277 1 3649 2 2670 13 2167 3 2437 4 2030
275 1.87797 8.17584 12.5513 37 22 19 1.12093 14 3390 1 4451 15 3771 17 2829 3 3119
279 3.5584 -1.33326 26.1253 21 21 21 1.32028 16 2370 1 4508
281 -0.734233 1.60042 5.26541 13 12 11 0.816182 1 4572 15 3720 17 2749
648 3.05729 7.98058 13.8866 56 45 43 1.11102 14 2755 2 2709 13 2230 3 2819
283 4.06265 7.25849 14.1594 60 57 52 1.40795 16 2437 17 2612
285 5.60922 7.96607 14.9296 65 65 65 1.40246 14 3605 16 2435 1 4604 15 3738 17 2771 2 3532 13 2812
652 2.39269 8.08606 13.4056 51 40 34 0.700788 1 3699 2 2738 13 2257
287 5.6723 8.32798 12.5715 95 83 71 1.9239 14 3627 1 4626 15 3760
289 12.7636 0.00330398 16.5311 62 57 54 1.31183 16 2467 1 4674 15 3799
592 3.41417 7.5784 17.3851 48 38 37 0.604679 14 665 2 1911 3 2383
291 1.82709 0.57807 13.065 168 142 114 1.15624 16 2481 1 4682
293 2.46269 7.49017 14.8991 81 83 87 1.48041 14 3598 16 2587 1 4733 13 2879
596 1.72604 7.39853 14.8293 25 32 50 0.694098 1 2793 2 1980 3 2413 2 2656 5 1453
295 3.49767 -0.10754 15.0828 231 222 213 1.03419 14 3716 16 2546 1 4769 15 3894 17 2942 2 3642 13 2899 3 3291
297 3.32436 0.0316754 15.1825 108 119 113 0.642149 16 2547 1 4771 15 3896 2 3555 14 3633 13 2734 3 3218
600 1.52082 7.6571 14.9273 7 17 29 1.13755 15 894 2 1996 13 785 3 796 4 848
299 4.87014 0.644214 13.2993 187 160 107 1.69523 16 2550 1 4774 15 3965
301 9.92084 -9.20199 18.7296 144 139 137 1.11027 16 2540 1 4822 15 3954 17 2939
604 5.81196 7.92606 14.8266 118 114 120 1.52166 14 2060 2 2009 13 1733
303 9.89554 -5.67411 19.2138 128 122 122 0.873275 16 2599 1 4824 15 3956 17 2997
305 12.6333 0.0968076 16.7496 169 158 152 0.546521 16 2601 1 4826 15 3959 17 3000
672 -2.09955 8.00006 13.1505 111 114 119 0.718445 14 3162 2 3122 13 2493
307 -4.05538 0.759177 7.35881 5 7 6 2.05275 14 3737 16 2616 13 2908 1 4842 3 3232 4 2567 5 1891 9 1874
309 3.44893 8.00231 14.1844 62 53 48 1.85675 14 3824 16 2671 17 3027 13 3026 3 3415
676 3.39689 -2.3706 12.4991 177 171 164 1.1629 2 3179 13 2289
311 9.83879 -9.75394 18.6795 143 140 149 2.23518 16 2674 1 4934 15 4048 17 3081
313 10.4269 -7.94908 17.4842 107 107 115 1.10858 16 2675 1 4967 15 4050 17 3083
680 3.29976 0.144439 15.2307 170 156 125 0.814261 1 3953 2 3189 13 2299 3 2619
315 3.03779 7.93962 14.3268 48 42 36 0.875016 16 2721 1 5000
317 -3.08356 1.11713 7.25973 14 13 9 0.526341 1 5028 17 3161
684 5.20473 6.47131 16.0709 32 32 30 1.88092 14 3321 2 3282 3 2369 13 1559
319 -1.01347 1.53606 5.32601 5 5 3 2.74465 16 2746 1 5047 15 4133
321 3.57042 7.49099 14.0323 2 2 2 0.638687 1 5052 17 3168
752 4.64455 7.90095 15.0692 52 43 43 0.517264 2 755 13 855 3 926
323 9.852 -5.49355 19.0221 75 72 72 1.67216 1 3346 15 66 17 1829 16 2060
325 3.35712 0.123452 15.0241 89 100 22 0.667335 16 107 15 119 17 128 2 118
756 1.50094 7.91791 14.3837 48 38 36 0.606444 2 860 15 965 13 884
327 5.33868 0.800601 12.034 211 181 131 0.49375 1 165 14 209 15 173
329 3.43772 0.885513 11.7824 146 144 105 0.837624 14 228 16 228 15 236
760 2.39254 7.99464 14.1622 56 47 40 0.471903 14 969 13 958 3 1010
331 -3.31869 0.64592 8.62858 37 35 36 0.690846 14 244 16 1232 15 375 17 346 2 210
333 -3.97031 0.722412 7.42419 2 2 1 0.851496 1 338 16 378 15 474
764 5.13833 8.03281 14.5287 80 66 63 1.12653 14 931 13 986 3 1081
335 5.77306 7.90065 14.8908 106 107 111 1.19549 1 796 2 2676
337 5.56873 7.9743 14.9361 34 34 32 0.954341 14 2059 16 640 15 798 13 921
704 5.23073 7.48306 15.3098 43 41 42 2.00561 14 3694 13 2880 3 3271
1062 0.204224 1.66329 5.26531 175 143 107 0.891231 3 487 4 1919 5 1046
339 5.93097 8.0634 14.325 77 62 59 1.35634 1 868 14 2116 15 817 2 2059 13 1812
341 6.53536 8.17242 13.7636 18 18 17 1.15139 14 1095 16 684 15 844
708 -2.2562 5.10644 7.97359 114 118 119 1.9158 14 3621 2 3631 3 2793
343 2.94772 8.01111 13.9477 60 38 39 1.22443 1 1039 14 2139 15 939 2 937 3 1991
1060 2.59769 7.31867 16.9809 93 101 104 0.296769 3 646 13 630 4 1488
344 2.66187 8.01006 14.026 47 31 32 1.87885 14 996 15 951 3 1051
553 0.0788578 7.46254 13.824 122 127 133 0.456548 14 870 2 829 13 817 3 1888 4 2010 5 1195
1070 -4.06502 0.756601 7.36804 16 16 16 1.97321 3 3233 4 2566 5 1890 9 1873
345 2.63722 8.02935 13.8003 39 28 24 0.582094 14 1056 15 989 3 2004
712 5.8636 5.95044 14.6253 155 158 168 0.911875 14 3755 2 3683 13 2936
346 2.99294 8.05044 13.642 77 69 64 0.513425 16 831 15 990 17 824
347 1.66284 7.96093 14.2111 60 55 51 0.547377 1 1090 16 1612 15 994 2 2067
349 2.1479 7.99556 13.9794 51 44 38 0.487585 14 2136 15 1001 3 1973
716 4.24879 7.45196 14.0896 75 68 62 2.96831 16 2583 13 2885 3 3333
350 4.32801 8.15593 12.981 69 60 53 1.15443 14 1259 15 1005 3 2165
1068 2.57627 7.1144 17.0247 108 131 151 0.529364 3 2368 13 2105 4 2217
351 5.65977 8.31775 12.4675 95 86 77 0.744642 16 1567 15 1008 17 781
353 0.796302 7.92478 14.4486 41 36 32 0.295387 14 911 15 1014 13 864
656 4.38717 -2.24846 11.2896 155 151 147 1.13148 1 3353 3 2866 13 2287
355 4.02942 8.17274 13.0068 50 41 36 0.576173 1 1122 15 1023 2 2770
357 3.1066 8.15296 13.3624 45 34 30 0.34883 1 1140 16 896 15 1056
660 5.32523 5.68185 15.1197 51 47 46 0.627378 14 3316 2 2994 13 2415
359 2.38181 8.11383 13.3634 74 65 60 0.635421 1 1184 15 1100 2 2168 13 1867 3 2053
361 4.94614 8.34424 11.9867 80 70 61 0.755726 16 938 15 1156 2 1470
363 3.30029 8.23623 12.4568 96 85 79 0.922989 16 1028 15 1207 2 1302
365 0.717527 8.05217 13.3357 79 71 68 0.464315 14 1142 15 1256 13 1080 3 1100
668 6.42848 8.05374 15.0156 125 116 111 1.44859 14 3116 2 3067 13 2486
367 0.675363 8.09512 13.109 37 32 28 0.310006 14 1208 15 1327 2 2193
369 1.40316 8.18242 12.6392 33 28 25 0.453501 1 1443 14 1359 15 1372 2 1251
736 4.31999 0.616391 12.9716 16 11 9 0.899412 14 1620 13 166 3 196
371 2.83055 8.30063 11.9614 49 40 33 0.200683 1 1469 15 1390 17 956
373 2.85332 8.32271 11.834 39 30 23 0.441925 1 1501 15 1429 17 968
740 -4.1012 0.773216 7.3018 0 0 0 1.91784 1 3455 2 1673
375 1.32712 8.205 12.3953 71 65 65 0.686869 1 1524 15 1446 2 1326 3 1438
377 0.448375 8.13974 12.5832 42 34 32 0.617072 14 2302 15 1479 2 2261
744 -0.138273 1.35594 5.78895 11 9 7 1.30368 2 357 14 1813 13 386 3 1721
379 1.10324 8.22201 12.1803 85 78 76 0.747305 1 1623 15 1522 2 2313
381 1.12765 8.24761 11.9776 80 77 76 1.22473 1 1668 15 1570 2 2343
748 1.73586 7.5291 14.8078 46 62 77 0.590972 2 735 13 778 3 783 4 1598
383 -2.13329 8.02942 13.0654 28 26 29 0.882407 1 1759 14 1190 15 1668
384 -0.169908 8.21291 12.0633 82 79 72 0.750994 14 1505 15 1744 3 1421
529 -1.19583 7.97199 13.4093 21 19 7 0.36221 14 2783 17 2480 2 3113 3 2497
386 3.52524 -0.212341 15.1632 184 183 179 1.79021 16 1719 15 1826 17 1845 13 1902 3 2180 5 1212 9 1208
388 13.142 1.56627 16.1142 19 16 19 1.19124 1 2321 15 1854 17 144
533 -1.70757 0.728173 10.1669 116 118 113 2.70436 15 2767 17 2289
390 5.23333 0.818195 12.1513 97 79 71 0.234869 1 2307 15 1890 17 178
392 3.15284 0.575858 11.8857 70 43 45 1.81997 16 174 15 1895 2 1610
537 -3.10679 0.618999 8.40815 5 5 5 1.27148 14 1688 2 207 13 189
394 2.60872 0.657183 13.2587 12 1 2 0.372228 16 221 15 1904 17 1247
396 2.38848 0.77934 12.4761 107 87 84 0.422123 16 233 15 1924 17 256 2 1647
541 -1.40553 1.05598 9.58538 23 39 23 1.36637 14 286 2 271 13 258
398 -2.2366 1.18737 7.70181 36 34 37 0.0156355 16 423 15 2111
399 6.55966 7.98622 15.1965 65 59 53 0.741609 1 2734 15 2265 13 2199
400 6.41333 7.98308 15.1043 58 49 44 1.004 1 2740 16 1430 15 2269
609 5.18261 7.99647 14.7509 101 92 83 0.654322 14 2077 2 2025 13 1745
402 7.02341 8.12022 14.4107 142 140 144 1.50842 14 2747 16 1441 15 2275 17 678
404 6.47693 8.16282 13.9675 115 101 92 0.965211 14 2160 16 1478 15 2290
613 5.93417 8.12519 14.2321 98 81 73 1.22991 14 997 2 2073 13 1834
406 4.23746 8.08137 13.4832 75 47 57 1.56543 1 2822 14 2790 15 2347 17 1571
408 4.51321 8.12652 13.2867 42 38 37 1.24223 14 2802 15 2353 2 2167
617 0.607722 8.04794 13.3 71 61 59 0.612691 14 2205 2 2172 13 1823
410 -0.345413 7.27844 13.9245 57 69 81 1.22364 16 2015 15 2376 17 2112
412 4.43239 8.19305 12.7574 65 50 45 1.3526 14 2839 15 2390 2 2789
621 -1.49472 7.99353 13.2281 46 37 32 0.376055 1 1622 14 2201 2 2178
414 5.32207 8.35379 12.245 118 108 98 1.25875 14 2895 16 1606 15 2416
416 3.87187 8.2302 12.6823 48 39 32 0.200454 16 1629 15 2423 2 2249
1078 0.0396371 7.46191 15.3012 138 137 133 0.759997 3 3327 4 2713 5 1959
417 1.00519 8.01524 13.733 60 55 51 0.472254 1 1222 15 2434 13 1772
720 6.0773 7.87178 14.9824 111 106 112 1.4421 14 3770 2 3743 13 2991
418 2.92386 8.15514 12.8534 80 71 66 0.105015 1 2903 16 2026 15 2438
420 3.49728 8.23751 12.5318 37 26 19 0.374134 1 2914 15 2447 2 2815
565 2.53189 8.03038 13.7921 58 42 42 0.235002 16 861 2 977 3 1094
421 3.97015 8.28766 12.2982 92 79 70 0.603459 16 1658 15 2449 2 3149
724 5.20029 5.37736 15.3119 19 19 19 0.805195 14 3879 2 3806 13 3041
422 1.8947 8.10767 12.99 29 16 14 0.865586 1 2927 14 1236 15 2458
1076 -1.23624 0.929954 10.0186 32 79 55 2.22091 3 3301 4 2695 5 1942 9 1930
423 0.881438 8.08054 13.2615 25 17 14 0.671595 1 2950 15 2481 2 2179 13 1837
424 3.93697 8.32095 11.9525 82 67 60 0.99941 1 1341 16 1688 15 2484 2 2348
569 2.87554 8.07274 13.4861 83 74 69 0.456242 15 1025 2 1038 3 1201
426 3.22669 8.27149 12.2659 87 74 68 0.86898 1 2953 15 2486 17 887 2 2823
428 0.647116 8.13339 12.7919 61 56 53 0.56594 14 2274 15 2553 2 2231
573 1.06592 8.06076 13.379 91 80 74 0.739663 14 1132 15 1214 2 1070 3 1110
430 2.55842 8.35951 11.4801 43 32 30 0.71074 1 3064 15 2604 17 1733
513 3.12887 -0.207368 15.0437 174 171 166 1.42157 1 4827 16 2545 15 3960
432 -0.698205 8.1386 12.6152 44 35 30 0.57488 14 2296 15 2635 2 2810
434 -2.17115 8.0511 13.0388 30 28 29 0.919887 1 3127 15 2656 2 2206
436 3.64897 0.711226 11.9698 146 131 126 1.96547 14 2452 15 2749 3 2654
517 5.79891 0.87075 12.1121 82 64 54 1.12677 14 1674 16 145 17 164
438 4.99913 0.905066 12.0769 167 142 108 0.666175 1 2332 15 2753 2 2439
440 -1.1753 1.60431 5.3193 104 84 63 0.830174 1 3520 15 2896 13 1465
521 -1.45036 7.97555 13.3531 24 21 14 1.52387 1 1566 17 1122 2 1076
442 5.89167 7.52683 15.0412 85 76 79 1.27736 16 1932 15 2926 17 2025 2 2647 14 2019
444 5.5746 7.98386 14.6749 61 56 50 0.683727 14 2721 15 2938 2 2680
525 8.03084 8.42741 12.6263 93 85 74 0.734105 1 3654 15 3341 17 2052
448 0.144092 7.39184 14.0704 54 50 49 1.37176 1 3682 15 3007 17 1628
593 5.20556 7.55971 15.8397 33 34 36 0.773947 14 744 2 1948 13 747 3 779
450 4.35956 8.18427 12.6812 105 67 72 1.62197 14 3192 15 3018 2 2792
452 4.55569 8.27719 12.4005 117 105 93 0.691023 1 2885 14 3205 15 3027 2 3143
597 5.96654 7.46076 14.6922 91 79 91 1.82394 14 2700 2 1983 13 2186
454 0.773822 7.97283 13.8009 41 31 29 1.18397 1 3715 15 3035 3 2507
456 -0.210537 8.03701 13.1425 65 57 53 0.703388 1 3772 15 3080 17 2465
601 4.65329 7.90157 14.938 101 92 87 1.74238 14 2711 2 2001 13 2468
458 4.24527 8.35557 10.8385 93 65 64 1.06216 1 3039 15 3094 17 2436
460 12.8519 0.180565 16.3202 47 46 42 0.544486 1 3948 15 3163 17 1842
605 -0.18532 7.29038 13.7667 120 123 127 0.609784 15 2380 2 2011 3 789 4 1990 5 1445 9 1412
462 13.4004 1.53857 16.6924 109 117 119 1.07478 1 3971 15 3174 17 1855
464 2.49233 0.659154 12.5237 156 131 101 1.21164 14 2442 15 3185 13 1950 3 2232
673 4.55488 8.27827 12.4 122 107 104 0.37382 1 2884 14 3206 2 3144
466 -0.882859 0.799473 11.3106 79 63 49 1.90119 16 2112 15 3193 17 2286 2 3205 14 2459
677 1.89252 -0.102504 13.9697 16 16 16 0.355784 1 3366 2 3183 13 2520
470 5.71115 7.80084 12.6395 19 18 22 0.515008 16 2207 15 3340 17 2060
472 4.28103 8.14894 13.0062 83 72 66 1.45823 16 2220 15 3360 17 2088 2 3333
681 1.51809 0.608541 13.3678 138 112 88 1.39752 14 3410 2 3201 13 2536
474 2.6219 8.27401 12.1777 66 55 49 0.618194 1 4170 14 3213 15 3397 2 3354
476 0.0652473 8.09645 12.9709 37 27 25 0.50572 14 3176 15 3403 2 3130
685 3.84066 7.09266 17.0837 94 100 114 1.53588 14 3325 16 2181 2 3288 13 2583
478 4.33163 8.47577 11.1002 104 93 84 1.63679 1 3794 15 3412 17 2130
480 0.387502 8.14713 12.5625 69 64 62 0.941049 14 3387 15 3415 2 3347 3 3010
625 4.16813 8.27911 12.45 114 99 99 0.533645 14 1437 15 1126 2 2272
482 -1.80612 8.00982 12.9892 36 28 25 0.979166 14 3167 15 3432 2 3128 3 2813 4 2277
484 -2.07338 8.01269 13.0829 35 31 32 1.09946 14 2804 15 3434 2 2766 13 2231 4 2037
629 -2.02298 1.01766 9.74343 76 28 28 1.01495 14 2486 2 2465 13 1363 3 282 4 1320 5 946 9 315
486 13.5331 0.179632 16.4902 80 70 68 0.891622 1 4269 15 3454 17 2716
488 -0.683277 1.58874 5.274 161 140 120 0.535737 14 3303 15 3548
633 5.37473 3.70324 14.8037 46 45 44 1.0133 14 2559 2 2552 13 2395
490 2.4068 7.99844 13.7287 64 47 48 1.04312 14 3511 16 2226 15 3591 17 2414
492 -0.0884871 7.44314 13.6023 49 45 46 1.85676 1 4440 15 3596 17 2663
637 1.69268 7.35994 14.8551 87 102 117 1.22506 1 2788 2 2649 4 2001 5 1447
494 2.75077 8.3203 11.7767 65 55 50 0.472442 1 4184 15 3620 17 2444
496 3.84537 8.5367 10.5719 85 78 72 0.534655 15 3638 17 2458
577 4.7797 8.24465 12.7822 88 73 70 0.538311 14 1351 16 814 2 1208
498 -3.09551 0.713829 8.08558 29 21 19 1.86196 1 4534 15 3677
500 -0.746761 1.69297 5.29905 94 72 51 1.60145 1 4714 15 3726 17 2751
581 3.06553 0.511868 11.986 71 67 68 0.822104 14 1616 2 1600 13 1286
502 4.11217 8.43091 10.9912 96 81 74 0.501026 1 4469 15 3780 17 2825
504 -2.12574 8.01626 12.996 38 36 37 1.56811 1 4647 14 3374 15 3791 13 2617 4 2430
585 -0.930643 0.886868 11.3011 180 162 150 1.34212 1 257 2 1664 13 1325 3 1607 4 1853 3 2247 5 916
506 5.87172 0.938829 11.9659 27 16 10 0.829515 16 2474 15 3811 17 2857
589 5.66266 5.88282 14.7454 136 139 148 0.0913137 14 1933 2 1879 13 2099
510 2.69564 8.34227 11.5484 70 59 53 1.58224 1 4754 15 3883 17 2926
512 2.69018 0.151876 14.7218 138 115 39 1.506 14 3634 16 2470 15 3898 17 2850
516 4.32019 0.741892 11.653 17 13 14 1.30884 14 1648 15 1899
518 3.57738 8.02466 13.9067 47 19 18 1.07989 1 2819 16 1552 17 788 2 2101
519 2.92518 8.26449 12.226 71 65 52 0.844692 14 2365 17 909 2 2302
520 1.05354 8.21951 12.143 65 66 50 0.27614 1 1631 17 1051 2 1415
522 6.4223 8.13229 14.0127 89 78 67 0.177477 16 1953 17 1531 14 3141
523 4.02469 8.17493 13.0005 53 44 35 1.12216 16 2002 17 1595 2 2771
526 3.815 8.03327 13.7862 36 16 11 1.77318 14 2768 17 2079 2 2713 1 2818 13 2246 3 2560
527 4.41176 8.19528 13.1269 30 16 8 2.09204 16 1991 17 2087 2 2761
528 -0.185769 1.40261 5.91035 120 106 71 0.380173 17 2312 3 2692
530 6.66246 8.10465 14.3389 98 94 97 1.17949 14 3612 16 2436 17 2770
531 5.14175 7.89075 12.5661 0 1 0 0.0503072 15 4137 17 3157
532 10.1126 -9.2664 18.6398 254 255 254 1.54417 1 4668 15 3795 17 2710 16 2365 1 4501 15 3641
534 3.39635 0.241181 15.0464 155 141 106 0.290033 15 132 2 130 3 133
535 2.45081 0.205396 15.4365 133 123 122 0.972732 14 99 2 133 13 86
536 4.26125 0.319299 13.6357 44 41 36 0.445243 14 115 15 124 2 135
538 4.31317 0.927312 11.687 91 74 68 1.76306 14 1687 2 218 13 1350 3 269 5 388 9 501
539 -2.6386 0.865862 9.2111 107 98 89 0.66539 15 1998 2 239
540 -0.968915 1.04621 9.50019 55 37 35 0.346989 14 288 2 262 13 259 3 299
542 3.89494 5.46056 16.7778 69 70 75 1.44497 14 1876 2 515 13 508
543 6.59072 5.59326 15.1993 175 174 172 0.380188 14 588 2 549 13 563
546 6.57591 7.86375 15.4637 78 77 87 1.18842 14 799 2 721 13 1683
547 1.64853 7.53573 14.8643 49 65 86 0.868891 1 945 2 734 3 1871 4 1591
548 1.62312 7.63072 14.8768 73 77 87 0.459043 1 953 2 742 13 787 4 853
550 5.59564 7.9052 14.9746 63 64 68 1.24887 14 831 2 759 13 893
551 0.0748404 7.42704 13.8588 72 74 86 0.41336 14 857 2 815 13 810
552 0.532204 7.8611 14.642 53 43 42 0.317959 14 862 2 826 3 1893
554 5.67332 8.05563 14.5612 110 99 95 0.629458 14 935 2 841 13 1016
555 5.70076 8.06047 14.5412 90 79 75 0.869957 14 940 2 842 13 1028
556 2.74218 7.94793 14.3837 48 40 37 0.445573 14 929 2 858 13 924
558 -1.88928 7.35629 13.4034 101 102 104 0.494389 15 1282 2 864 5 668
559 5.84748 8.10423 14.4303 140 131 124 1.17334 14 959 2 870 13 1808
560 -0.605977 7.59862 13.5273 66 62 63 0.378141 14 2113 2 900 13 2196
562 0.224657 7.95197 14.0025 47 39 36 0.558699 1 1233 14 978 2 934
563 3.39974 7.99536 13.8655 71 61 57 1.43126 14 1034 2 940 13 1055
564 0.455189 7.96481 13.8199 48 38 36 0.270795 14 1032 2 971 4 1698
566 0.776241 7.99792 13.6879 52 44 41 0.845229 15 1162 17 931 2 993 13 992
567 -1.2415 7.94698 13.5098 79 68 64 0.404719 14 1076 2 1029 4 871
568 -0.00554842 8.00051 13.5193 94 85 80 0.286247 15 2495 2 1032 3 1970
570 1.51616 8.05767 13.4297 50 43 37 0.404688 15 1149 2 1054 3 1123 13 1093
571 0.831107 8.03658 13.419 58 49 44 0.426018 14 1119 2 1057 13 1067
572 -1.65349 7.95437 13.3653 116 115 113 0.384505 15 1492 2 1059 4 851
574 4.06786 8.15381 13.1762 73 63 60 0.29861 14 1215 2 1100 3 2135
575 1.09843 8.10358 13.1353 78 71 65 0.647613 14 1203 15 1273 2 1118
576 -1.30384 8.05052 12.8304 52 43 38 0.44452 14 1258 2 1186 4 1034
578 -1.47173 8.09117 12.6391 96 85 81 0.193069 14 1324 2 1249 13 1171 3 1136
579 1.90428 -4.19231 13.4254 68 65 60 1.43039 14 1537 15 60 2 1545 13 1222
580 3.29939 0.0456985 15.1834 114 119 122 0.441448 14 1560 2 1579 13 1249 5 810
582 4.65077 0.540098 13.2456 5 5 5 0.567289 14 1609 2 1601 3 2220
583 1.75091 0.515107 13.4459 119 69 34 1.28864 14 1600 2 1608 13 1934
584 1.98066 0.83821 12.0321 11 6 3 0.983981 14 214 2 1657 13 203 3 1596 5 937
586 -1.99792 0.992568 9.78469 56 20 24 1.26659 14 275 2 1686 13 243 3 1634
587 -2.92422 0.99927 7.70532 133 128 124 0.567286 14 2509 2 1702 13 1379 3 1652
588 6.54317 3.69593 15.1796 117 116 124 0.233436 14 1820 2 1801 13 449
590 3.55892 7.33085 18.1858 1 0 0 1.19807 14 1939 17 1493 2 1891
591 5.95387 6.10623 14.4881 140 134 135 0.669455 14 1953 2 1893 13 1582
594 1.63584 7.17492 15.1783 20 28 51 1.91871 1 826 2 1950 13 1610 3 1842 4 725 5 1150 9 1410
595 1.6512 7.20934 15.0083 27 52 82 0.87501 1 2772 2 1957 13 1613 3 1847 4 1987 5 1439 9 1422
598 1.70608 7.62749 14.8484 58 62 73 0.581099 1 2802 2 1994 13 1650
599 5.19994 7.90503 15.2188 77 74 69 1.75252 1 2749 14 2040 2 1995
602 4.91842 7.95453 14.9707 73 65 62 0.700788 14 2054 2 2004 13 1709 16 664 3 1950
603 4.96564 7.95056 14.9384 97 90 84 0.691586 1 837 14 2055 2 2007
606 0.72411 7.84699 14.8605 89 82 76 0.813535 14 2047 2 2013 4 1593
607 5.67409 7.98097 14.8173 64 56 54 1.04651 14 2068 2 2015 13 1742
608 5.04348 8.01505 14.8107 100 92 89 1.32271 14 880 2 2023 13 1738
610 -0.96461 7.88582 14.2239 30 26 25 1.19245 17 1004 2 2068 13 845 3 1898
611 3.37612 8.01811 14.1755 75 68 62 0.429781 14 2123 2 2069 16 1543 3 2525
612 3.37612 8.01811 14.1755 75 68 62 0.429781 14 2124 16 1542 2 2070 3 2526
614 3.48927 8.05901 14.0059 46 29 29 1.06252 14 2141 2 2094 13 1802 3 2008
615 2.74827 8.01809 13.9559 48 28 30 0.487717 14 1018 2 2098 13 1030 3 1073
616 -1.30011 7.93187 13.8995 22 21 19 0.362531 14 992 2 2115 4 1582
618 4.64862 8.17016 13.2484 58 56 52 1.93416 15 940 2 2175 3 2144
619 -1.20545 8.01922 13.2632 49 38 34 0.340465 14 2204 2 2176 3 1967
620 -1.20545 8.01922 13.2632 49 38 34 0.340465 14 2203 2 2177 3 1968
622 4.42153 8.14166 13.004 113 56 75 0.831171 1 1075 2 2191 3 2607
623 4.67059 8.20501 12.9847 31 27 26 0.795014 1 2849 16 797 2 2203
624 3.86577 8.21531 12.6579 52 42 33 0.501242 1 2886 14 1367 2 2250
626 0.438077 8.19412 12.31 88 81 72 0.550315 15 2610 2 2290 3 2596
627 2.60644 8.2765 11.919 64 54 51 1.66753 1 1494 15 2559 2 2352
628 2.00051 -4.29728 13.4475 48 43 40 2.4051 1 2216 14 2904 2 2385
630 -1.36543 1.04037 9.72519 40 41 28 0.595525 14 2489 2 2466 13 1981 3 2261 4 1878 5 1317 9 946
631 -2.87814 0.999029 7.81313 5 4 9 0.670201 14 2507 2 2478 13 1992 3 2264
632 -2.92584 1.02185 7.6581 1 1 3 0.238868 14 2511 2 2483 13 1381 3 1655
634 5.36941 5.07303 15.3626 78 69 59 1.58323 14 2590 2 2573 13 2072
635 5.13614 5.29732 15.8383 64 55 52 0.936633 2 2577 13 2079 3 2344
636 0.612314 7.48198 15.6049 68 68 70 0.863915 14 2683 2 2640 13 2139 3 2761
638 1.59469 7.3755 14.8805 106 112 118 0.89437 1 3633 2 2650 13 2148 3 2408 4 2243 5 1446
639 1.71932 7.44388 14.8241 23 34 53 1.02745 1 2796 2 2662 13 2159 3 2420 4 2016
641 6.21205 8.02137 15.0459 88 79 75 0.778315 14 2713 2 2677 13 2479
642 5.33746 7.96669 14.9565 108 98 92 0.64324 14 2057 2 2678 13 1721
644 -0.13461 7.37918 13.7924 0 0 0 0.961508 1 2856 17 2426
645 0.153594 7.52555 13.9189 109 116 124 0.563728 14 2071 2 2682 13 2184 3 2457
646 5.30019 8.04679 14.5306 101 94 88 0.504594 14 2731 2 2685 13 2220
647 -0.898934 7.86235 14.2508 36 32 31 0.518155 14 2727 2 2693 13 1679 3 1894
649 -1.48795 7.94097 13.7641 117 120 122 0.605686 14 2758 2 2715 3 1912
650 -0.241082 7.92858 13.6533 45 38 34 0.722276 14 2763 2 2718 3 2494 4 2287
651 0.889299 8.03403 13.5628 55 45 43 0.696473 14 2778 2 2731 13 2234
653 2.395 8.08877 13.416 51 40 34 1.1945 16 2018 2 2739 13 2256
654 4.71597 8.14369 13.1431 50 49 44 0.96046 14 2812 2 2750 3 2860
655 -1.9582 8.0713 12.5349 90 78 75 1.00667 14 2294 2 2812 4 1686
657 3.57421 -0.10518 15.1241 234 229 224 0.748566 14 2912 2 2866 13 2294
658 4.67865 0.462332 13.3161 2 2 2 1.08265 1 3960 2 2877 13 2316 3 2629
661 5.27954 5.90792 14.8995 69 69 71 0.075852 14 2607 2 2995
662 5.91573 6.14586 14.81 77 65 67 1.50415 14 2625 2 3003 13 1574
663 3.3505 7.54097 17.8276 56 46 44 1.25196 14 3059 2 3010 13 2422 3 2739 4 2224
665 5.74367 7.53948 15.0861 44 31 38 0.33483 14 3102 2 3051 13 2596
666 3.5459 7.27924 14.467 90 85 87 1.2922 14 3103 13 2453
667 6.44963 8.02575 15.2115 71 60 57 1.03675 14 3114 2 3064 13 2611
669 -1.54849 7.94771 13.5925 46 42 41 1.12931 14 3143 2 3107 13 2477 3 2800 4 2424
670 -1.69064 7.9508 13.436 35 29 29 0.592015 14 3149 2 3112 13 2484 3 2805 4 2260
671 -1.19704 7.97702 13.4169 55 44 41 0.261174 14 2784 2 3114 3 2496
674 -0.873761 8.1497 12.2466 53 40 32 0.294732 14 3202 2 3152 3 2843
675 4.19745 -2.23527 11.2486 139 135 97 2.19107 16 1712 2 3178 13 2288 3 2867 5 1644
678 1.72181 -0.013678 13.8049 152 154 151 1.24057 14 3230 2 3185 13 2524 3 2875 4 2467
679 1.88474 0.0451899 14.0514 12 14 13 0.895097 14 3233 2 3187 13 2525 3 2876 5 1748
682 -2.88452 1.05467 7.54131 92 88 86 0.411166 14 3275 2 3225
683 5.07649 5.49939 16.0473 57 51 51 1.882 14 3037 2 3272 13 2411 3 2729
686 -0.506584 7.66008 13.2032 98 99 104 1.31086 14 3366 2 3327 3 2988
687 4.84308 8.19069 12.9946 4 6 3 0.951697 14 3379 15 3588 2 3334
689 -1.22802 8.04385 12.9132 61 52 45 1.09602 14 3377 2 3339 3 2996 4 2443
690 -1.22802 8.04385 12.9132 61 52 45 1.09602 14 3376 2 3340 3 2997 4 2444
691 2.94345 8.16952 12.8559 87 76 72 1.19233 17 2418 2 3343 3 3015
693 -1.11812 0.93838 10.1063 184 186 198 0.899663 14 3421 2 3379 13 2657 3 3052
694 5.35596 4.89196 15.0678 52 50 53 0.541531 2 3413 13 2574
695 5.34727 5.07879 15.0876 33 33 34 1.69344 14 3461 2 3417 13 2689
697 2.15021 0.554612 14.1435 189 163 138 1.90765 2 3475 13 2901 3 3294
698 5.6818 5.97538 14.6726 77 74 75 0.169819 14 3475 2 3517 13 2787
699 0.039411 7.47322 13.7052 114 119 125 1.59733 14 3606 2 3534 3 3203 4 2676
701 1.9236 -4.21072 13.3692 27 27 29 1.67828 14 3710 15 3888 2 3551
703 1.12641 7.57845 16.0033 53 49 48 2.41617 2 3613 13 2873 3 3262
705 5.80512 7.61505 15.0588 47 41 49 0.91704 14 3696 2 3619 13 2947
706 5.80512 7.61505 15.0588 47 41 49 0.91704 14 3697 2 3620 13 2948
707 -2.2562 5.10644 7.97359 114 118 119 1.9158 14 3620 2 3630 3 2794
711 5.8909 3.96812 14.323 151 157 169 1.20517 14 3664 2 3673 13 2930
713 5.77578 6.20555 14.7313 70 61 62 1.92924 14 3759 2 3687 13 2872
714 0.634026 7.22177 15.6222 87 85 90 1.83113 14 3763 13 2939 3 3325 4 2744
715 1.69506 7.86957 15.1132 13 17 18 1.01493 1 4808 2 3696 13 2881 3 3331
717 -0.101268 7.31159 13.8894 122 125 132 0.0678505 14 3769 2 3698
718 5.83784 5.52146 14.9297 125 124 129 2.25466 14 3808 2 3734 13 3016
1069 2.14095 1.85417 7.47006 30 30 36 0.824733 3 2315 4 2385 5 1368 9 1558
719 6.0773 7.87178 14.9824 111 106 112 1.4421 14 3771 2 3742 13 2992
722 1.99264 7.34542 15.9789 9 9 9 1.20735 1 4915 2 3782 3 3410 13 3019
723 -2.33846 0.649996 9.25741 111 111 111 0.126279 2 3792 3 3396
726 -3.06504 1.1515 7.66608 36 27 22 0.267936 14 3907 13 3058
1077 -1.22575 0.931745 9.99808 32 79 55 2.40946 3 3302 4 2696
727 -3.07979 1.15408 7.69267 36 27 22 1.76198 14 3906 2 3843 13 3059
730 -1.82468 1.5835 5.4959 146 114 85 0.978341 15 3294 2 3249
731 -2.90911 -3.68155 8.11525 1 1 3 1.81016 14 1533 13 2 3 1493
733 2.50413 0.175375 15.6199 211 198 190 1.00641 14 94 13 82 3 1528
734 2.4117 0.299433 15.3982 183 175 153 0.878309 14 109 13 102 3 141
1085 -4.26275 0.642121 7.34441 165 161 150 0.326932 3 3352 5 1938
735 2.25757 0.48206 14.4429 166 145 131 0.327343 14 131 13 125 3 166
737 -0.945496 0.729846 11.341 45 40 45 0.65867 14 1654 13 185 3 1582 4 1286 5 887
738 4.35008 0.740294 12.581 110 109 115 1.27968 14 193 13 186 3 223
739 2.17864 0.760071 12.209 173 151 129 0.875816 14 200 13 188 3 227
741 -1.08048 0.971356 10.0198 200 197 204 2.93471 14 1704 13 240
742 -2.0505 1.05328 9.76827 157 127 101 0.991032 14 284 13 253 3 288 5 328
743 0.10716 1.24131 6.1762 82 67 59 0.810808 14 409 13 361 3 391
745 1.75351 7.19269 15.0177 62 87 117 0.513 2 683 13 702 3 704 4 748 5 678 9 1164
746 1.8455 7.1931 14.9868 74 90 113 0.604882 2 685 13 706 3 712 4 1542 5 686
747 2.39795 7.39384 14.9437 1 1 1 1.17906 1 855 13 752 3 1865
749 1.73586 7.5291 14.8078 46 62 77 0.590972 2 736 13 779 3 784 4 1597
750 1.60818 7.84242 15.1273 15 17 16 0.166527 1 975 2 753 13 798
751 1.52173 7.86072 14.895 81 76 72 0.603836 2 780 13 816 3 838
753 2.39131 7.94909 14.7606 42 36 30 0.929248 14 869 13 866 4 1739
754 -0.945553 7.89815 14.0383 74 64 62 0.951001 2 912 13 874 3 879
755 2.56795 7.92213 14.6572 47 40 34 0.783133 1 984 13 876 3 914
757 4.88265 7.9453 14.9845 103 96 88 0.630196 14 836 13 889 3 1947
758 0.234605 7.95259 13.9309 91 83 80 0.338709 2 945 14 994 13 933
759 1.06854 7.95542 13.927 49 44 38 0.840566 2 943 13 949 3 979
761 -1.75456 7.94186 13.3526 53 50 52 0.614689 14 2181 13 959 3 943
762 0.17432 7.98784 13.6699 58 50 47 0.602007 15 1226 13 975 4 1700
763 -1.74683 7.9738 13.3015 48 42 42 0.532538 15 2597 13 978 4 854
765 1.12883 8.01957 13.7835 64 57 51 0.73887 14 1055 13 994 3 1031
766 2.80479 8.01254 13.9516 60 31 32 1.33618 14 1014 13 1027 3 1989
767 0.804236 8.02855 13.5152 71 64 58 0.73496 15 1204 13 1053 3 1063
768 0.620821 8.03167 13.4571 61 52 47 0.500804 14 1105 13 1056 3 1065
770 1.03959 8.03766 13.381 62 53 48 0.415444 14 1128 13 1079 3 1103
771 2.07701 8.036 13.458 32 21 17 0.636207 14 1112 13 1100 3 2021
772 -1.36174 8.04167 12.8351 61 52 47 0.535882 14 1251 13 1112 4 1011
774 2.3334 8.08126 13.422 74 64 62 0.1745 2 1055 13 1141 3 1184
775 -1.51082 8.08391 12.5761 69 60 53 0.311128 14 1341 13 1178 4 1064
776 2.45638 8.1197 13.2475 55 48 42 0.577295 14 1183 13 1189 3 2067
778 4.36679 0.563056 13.1636 5 5 4 0.486484 14 1611 13 1290 3 2222
779 3.81169 0.830843 12.1716 184 175 131 2.0546 14 1665 13 1318 3 1600 5 1314 9 1531
780 3.81169 0.830843 12.1716 184 175 131 2.0546 14 1666 13 1319 3 1601 5 1313 9 1532
782 -3.99713 0.720206 7.37135 30 31 33 0.791701 2 2444 14 2484 13 1343 4 1257
783 -4.11755 0.789778 7.30233 58 59 64 1.78848 1 2492 13 1357 3 1619 4 260 14 1718 5 251 9 843
784 -4.11755 0.789305 7.30244 58 59 64 1.549 1 2491 13 1358 3 1620 14 1719
786 -2.71189 0.918514 8.44845 6 5 4 1.56843 14 289 13 1364 3 1633
788 -0.093338 2.10109 5.15014 4 5 7 0.793619 13 1502 3 1764 2 1840
790 2.57802 7.20371 16.9864 89 119 145 0.845945 14 649 13 1569 3 1796 4 1960 5 1412 9 1382
791 2.55275 7.32694 16.9067 6 10 13 1.04573 14 1964 13 1578 3 1810 4 1965 5 1418 9 1395
792 2.55424 7.33532 16.9322 6 10 13 0.42584 14 1965 13 1579 3 1811
794 2.83174 7.59669 17.2927 66 61 57 1.72183 14 1970 13 1589 5 1617 3 2751
1162 -3.12829 0.775323 8.16253 184 169 150 1.30957 4 2762 5 1978 9 1960
795 5.36073 7.19849 15.5757 11 5 9 1.84851 14 2668 13 1616 3 732
796 1.67173 7.47911 14.8391 85 87 95 0.663792 2 1988 13 1639 4 1586 5 1460
798 2.17105 7.6347 15.1697 52 50 48 0.696144 14 2025 13 1643 3 1874
799 5.09475 7.91163 15.2677 56 50 50 0.182213 14 818 13 1687 3 1926
800 2.97594 7.90637 14.8605 55 47 44 0.18939 14 845 16 1528 13 1690
802 5.14999 7.95028 14.7913 113 100 94 0.683765 14 863 13 1731 3 2514
1106 3.36586 -0.157499 15.0991 161 154 134 1.04809 13 1240 5 799 9 781
803 -1.95929 7.99845 13.058 82 74 71 0.799301 2 2196 13 1788 4 1616
804 -1.91521 8.00092 13.0718 48 40 37 0.280314 14 2223 13 1790 3 1962 4 1618
806 3.85863 7.88183 13.7096 54 48 44 1.80009 2 2088 14 1026 13 1804 3 2016
807 -2.3147 8.04637 12.8597 51 47 46 0.606735 14 2256 13 1816 4 2046
808 0.885324 8.08667 12.9909 59 52 46 0.52869 14 1229 13 1872 3 1199
810 4.10749 0.331494 14.8504 180 152 148 0.492902 14 2414 13 1921 3 2203
1114 -1.36191 0.993115 9.68757 9 32 21 0.782785 4 1328 5 951 9 934
811 1.81139 0.561571 13.4617 189 139 79 2.27276 14 1607 13 1935 4 1841
812 4.74389 0.555419 13.2931 14 14 12 0.972298 14 2430 13 1939 3 2221
814 -4.00324 0.750916 7.37635 3 5 4 0.884689 14 2491 13 1969 3 1611
815 -1.83543 1.09405 9.0255 169 158 156 1.26675 14 2971 13 1991 5 1559
816 -1.22078 1.37155 6.78214 19 19 18 1.62518 14 2544 13 2017 3 2686
818 -0.766358 1.64987 5.2477 96 75 56 1.15245 14 2580 13 2053 3 2322 2 2965 4 1394 5 1044
819 2.44606 7.21547 16.9774 65 62 61 0.231272 13 2109 3 2376
820 2.8656 7.66502 16.9291 79 71 68 0.721544 14 2661 13 2128 3 2388 4 2412
822 1.80902 7.24509 14.8951 39 56 82 0.347917 2 2643 13 2146 3 2405 5 1444
823 1.69278 7.35122 14.8524 78 99 121 0.849478 2 2648 13 2149 3 2409 4 2000
824 1.5881 7.44958 14.873 111 116 119 1.01803 1 3644 13 2157 3 2416 4 2248 5 1450
826 2.25803 7.47322 14.8292 48 47 45 1.01401 14 2026 13 2166 3 2436
827 5.21598 7.6767 15.2778 80 84 85 2.54898 1 764 13 2175 3 2789
828 -0.141455 7.3793 13.724 63 58 55 1.258 2 2681 13 2177 3 2777
830 -1.85978 7.98208 13.0733 86 78 75 0.806505 2 3124 13 2227 4 2043
831 -0.500152 8.01785 13.3347 91 81 80 0.367649 2 2744 13 2232 3 2516 4 2296
832 -1.69599 8.0087 13.0002 98 88 86 0.583004 14 2808 13 2238 3 2517 4 2061
834 4.13483 8.0923 13.6632 93 46 58 0.854097 14 2175 13 2264 3 2838
835 1.79753 0.297084 14.8417 36 36 31 1.31713 14 2919 13 2302 3 2622 4 1820
836 4.31992 0.518014 13.491 193 174 114 0.0881666 14 2930 3 2886
838 -4.15079 0.768447 7.28585 194 210 226 1.82879 2 3210 13 2342 3 2664 4 2129 5 1264
839 -0.859108 1.45608 6.72513 31 22 17 1.1268 14 2997 13 2376 3 2922
840 5.25631 3.46713 15.4023 29 28 28 2.13737 2 417 3 467 13 2387
843 2.71047 7.36984 17.1292 89 102 118 1.09776 14 3061 13 2426 3 2946 4 2528 5 1809
844 0.811783 7.65563 15.8825 42 42 41 1.52897 14 2684 13 2439 3 2766 5 1735
846 -1.66038 7.91201 13.5119 126 131 134 1.39206 2 2727 13 2476 3 2484 4 2253
847 3.63812 8.02409 13.8571 45 39 36 0.195301 16 2213 13 2499
851 3.36654 7.41489 18.0249 51 42 37 1.5454 14 3322 13 2581 3 2945
855 4.39772 0.445317 13.7193 4 3 1 0.38165 14 3407 13 2644 3 3039
859 -1.5157 1.36031 6.71112 147 122 92 1.24155 13 2674 3 3069
862 3.07122 7.64861 17.3677 72 67 61 1.70514 14 3481 13 2696 3 3089 4 2612
863 3.02519 7.64299 16.1548 63 55 52 2.04556 14 3486 13 2700 3 3196
864 1.77772 7.2951 14.8722 39 60 91 0.896351 2 3439 13 2704 3 3093 4 2613 5 1816
866 -0.649921 0.457664 11.7303 131 132 134 0.794759 14 3636 13 2740 3 3135
1170 -4.56192 0.621738 8.14759 137 133 122 1.70061 4 2558 9 1722
867 3.99527 0.801844 12.2974 167 149 143 0.760844 14 3413 13 2744 3 3143
868 -4.02698 0.644202 7.429 38 37 35 1.33121 2 3564 13 2746 3 3141
871 3.51017 -2.32519 12.3177 88 73 44 0.726334 2 3636 13 2824 3 3281
874 0.441623 1.60653 5.47559 171 142 112 1.59118 14 3666 13 2859 3 3254
1178 2.99326 0.706116 12.2766 34 32 33 0.175033 3 3484 9 2043
875 0.227605 1.63188 5.27364 161 134 104 1.19879 14 3667 13 2860 3 3319
876 0.288093 1.68571 5.2076 9 9 9 1.31428 13 2861 3 3320
878 3.73728 8.02 14.0702 59 51 48 1.43556 16 2590 13 2888 3 3273
879 2.34756 0.782368 12.3941 133 111 113 1.40228 14 3728 13 2907 3 3300
880 -1.25502 0.920289 10.1836 89 79 73 1.30806 14 3735 13 2909
882 0.0436752 1.28381 6.10893 36 35 40 0.706489 2 3664 13 2920 3 3312
883 0.0432237 1.28659 6.11853 36 35 40 1.18054 2 3665 13 2921 3 3313 4 2701 5 1902
886 -3.00864 -3.7322 8.1928 45 48 55 0.00531204 14 3830 3 3382
887 -2.99616 -3.71957 8.15995 45 48 55 1.31513 14 3831 3 3381 4 2752
888 0.897606 0.433231 13.9505 162 141 123 1.69161 14 3790 13 2960 3 3344 4 2736
890 1.68309 0.603151 13.3234 1 1 0 1.58398 2 3653 13 2964 3 3348
891 -1.47538 0.982231 10.1064 42 90 72 1.12276 14 3843 13 2970 3 3355
894 -2.73125 0.917956 7.96779 72 81 88 2.27484 14 3871 13 3005 3 3400
895 -0.781705 1.56836 5.22919 14 13 11 2.15222 14 3847 13 3010 3 3424
897 0.253409 1.60693 5.31908 154 127 97 0.994214 14 3804 13 3012
898 3.45021 7.10597 14.5399 74 69 65 1.32803 13 3021 3 3412
1043 1.22247 0.544627 13.3891 0 0 0 0.658508 2 3197 13 2531
899 3.46704 7.17311 14.6954 74 69 65 1.53943 14 3860 13 3022 3 3413
901 3.06331 7.88624 14.3174 62 53 50 0.739483 13 3049 3 3437
902 -3.14354 -5.60939 31.9866 44 43 42 1.08243 14 3924 3 3462
903 1.67506 -0.289135 14.0163 17 17 17 2.21801 14 3902 13 3055 3 3447 4 2804
905 2.87433 7.38643 14.6886 5 7 4 2.65421 14 3937 13 3075 3 3479
906 -1.0152 1.53656 5.33328 26 23 24 1.05846 14 3932 13 3081 3 3473
1051 -2.13852 0.874636 9.52097 132 108 95 1.12771 3 1615 4 315 5 290
907 2.82981 8.01369 14.0737 47 34 33 1.6194 1 1030 15 2994 13 1769 14 986 2 910 3 1981
909 5.58231 7.99278 14.6861 64 56 53 1.09425 1 3603 2 2679 13 2209 14 2720 16 1949 15 2937
910 -4.07757 0.791757 7.32554 10 10 9 1.85781 14 2494 13 1359 16 2147 1 3999 15 3519
911 3.86977 7.8831 13.5134 89 42 56 2.10992 2 2116 13 2247
913 1.20119 0.597373 14.3945 79 63 52 1.33173 14 3409 13 2532
1123 -1.4942 0.998944 9.73944 39 68 56 0.607548 4 1870 5 1303 9 926
914 -1.77804 0.801205 10.0532 155 162 174 1.36841 13 2541 5 1529
915 -3.88283 1.00152 7.3769 83 73 64 1.17899 13 2754 3 3150
917 -0.248561 1.46339 5.76773 157 130 100 1.55463 14 3562 13 2925 3 3316
918 1.60285 0.293484 14.9181 114 111 110 1.27034 14 3719 3 3341
919 -3.91004 0.878739 7.26154 117 108 99 0.610476 13 2971 3 3356
921 -3.42043 0.881836 7.74071 209 224 245 1.27195 2 3822 3 3420
1131 -2.51116 0.74215 9.36763 111 115 114 1.4967 3 2656 4 2345 5 1520 9 1247
922 -3.99068 0.614567 7.91551 10 12 11 2.50248 14 3955 13 3092
923 2.90095 -1.02394 13.1716 178 171 165 2.62126 2 3882 13 3119
925 4.69204 0.447371 13.2845 44 35 34 1.37228 2 148 13 136 3 167 5 885
1031 4.0092 0.600944 13.4558 194 166 114 1.1443 13 2903 3 3296 5 1940
926 1.75059 0.514365 13.7573 140 82 35 0.113252 13 139 3 177
927 4.07241 0.585376 13.4555 164 134 80 1.75904 14 153 3 189 5 893
1075 2.72106 7.12482 17.7297 86 79 73 1.28424 3 3183 4 2670 5 1913
930 1.56416 7.14329 15.1259 61 60 58 1.08838 13 685 3 696 4 722
931 1.75324 7.18847 15.0097 69 103 128 0.431799 2 684 13 701 3 705 5 679
934 1.68097 7.24532 14.9349 37 62 93 0.536646 2 690 3 717 4 1545 5 1172
935 1.68097 7.24532 14.9349 37 62 93 0.536646 2 689 3 718 4 1544 5 1171
1083 -1.60688 0.815758 10.1223 179 184 190 0.418263 3 3146 5 1767
938 -0.0659655 7.36535 13.7316 127 101 112 0.770276 2 814 3 809 4 1561
939 0.344971 7.86051 14.5078 57 48 43 0.380537 13 830 3 851 4 852
942 0.323211 7.93281 14.0449 101 94 88 0.332534 13 905 3 921 4 955
943 0.59753 7.94263 14.0698 65 56 51 0.580516 13 909 3 929 4 1682
945 -1.66346 7.99129 13.1809 56 47 40 0.547931 13 1019 3 993 4 882
946 -1.09569 8.04365 12.8977 109 96 90 0.643785 14 1234 3 1087 4 1704
1027 4.18888 0.550456 13.3932 7 6 3 0.371862 13 2742 3 3226
947 -2.70726 8.05795 12.4488 45 40 37 0.57419 13 1160 3 1097 4 909
949 2.28612 8.03508 13.6077 88 79 73 0.822075 13 1075 14 1086 3 1124
950 0.601491 8.12581 12.8589 104 93 87 0.242216 2 1188 14 1278 3 1223
951 0.210091 8.17397 12.1241 58 47 41 1.14481 2 2314 14 2357 3 1414
953 3.26822 0.0699615 15.2882 60 79 93 1.28191 2 2396 13 76 3 1524 4 1240
954 2.22612 0.241302 15.111 132 129 120 0.959957 13 1260 3 1533 4 1815
1035 -2.15453 0.941044 9.87151 72 62 53 1.30296 13 3003 3 3398
955 -2.04849 0.99473 9.70448 111 90 69 0.934336 13 1361 3 1635 5 942 9 905
957 2.52435 7.26979 16.8888 106 119 128 0.657994 13 625 3 1804 4 1486 5 1115 9 1388
1063 1.93897 1.95914 7.40985 142 145 142 1.05545 3 2320 4 1928 5 1051
958 1.72572 7.17585 16.2138 163 178 192 0.714613 13 1586 3 1812 4 2221 5 1612
959 1.37924 7.63907 16.6273 21 23 23 0.739547 13 668 3 1825 4 1499 5 1423
1107 2.06264 0.122139 15.0849 168 164 161 1.29827 4 1239 5 812 9 145
962 1.63384 7.16803 15.1641 42 49 69 1.29507 2 1951 3 1841 4 726 5 1151
963 1.78159 7.19641 15.0932 42 66 94 0.614417 13 695 3 1846 4 1532 5 1162 9 1423
965 0.104505 7.5649 13.7917 57 62 66 0.437623 13 839 3 1902 4 2028
966 -1.20444 7.93037 13.6024 64 55 48 0.85158 14 2153 3 1930 4 1605
967 -0.265317 7.93001 13.7533 115 111 108 0.667848 2 2120 3 1935 4 1645
969 -0.510854 7.6664 13.1426 122 123 127 2.16541 2 2719 13 948 3 1941
1115 -1.47104 1.01317 9.61356 12 32 19 0.463215 4 1331 5 954 9 336
970 2.71598 7.96159 14.5143 47 42 36 1.09457 13 1722 14 2087 3 1942
971 -1.92312 8.0229 12.9614 62 51 46 0.599528 15 2646 3 1972 4 1630
973 -2.73722 8.02943 12.326 60 55 51 0.689549 13 1868 3 2007 4 2063
974 -1.56765 8.06374 12.6187 60 47 39 1.4256 13 1863 3 2019 4 1041
975 -2.31535 8.07281 12.4159 50 40 31 0.878696 13 2267 3 2020 4 2075
977 1.21409 0.184634 13.668 153 151 142 1.72509 3 2191 4 2333 9 1622
978 2.07105 0.181761 15.0944 118 118 121 0.608874 13 83 3 2192 4 1809 5 820
979 2.20198 0.187015 15.1807 255 251 232 0.714785 13 1914 3 2194 5 1486
981 0.445287 1.65106 5.46558 56 52 49 2.28591 13 2052 3 2327 4 1918 5 1045
982 2.03731 1.96677 7.29588 11 11 11 1.38508 13 2048 3 2329 4 2203 5 1595
983 0.225233 1.67043 5.21715 55 52 53 1.61148 2 442 3 2331 4 1920
985 2.33824 6.9045 17.0475 138 145 152 0.559232 13 2098 3 2359 4 1947 5 1393 9 1568
986 1.75482 7.20499 14.9435 35 57 87 1.67954 2 1959 13 2144 3 2399 4 1541 5 1167 9 1600
987 1.53737 7.41227 14.8976 45 58 86 0.895782 13 2153 3 2410 4 2244
989 -0.0388515 7.30019 14.03 149 148 153 1.36861 13 2450 3 2423 4 2238
990 1.76339 7.47244 14.8195 120 129 138 0.270569 13 2160 3 2427 4 2258
991 2.33818 7.62912 14.8664 39 38 33 0.342436 13 2172 3 2446 4 2067
993 -0.193205 7.98513 13.6965 58 49 42 0.537056 2 2133 3 2498 4 2074
1139 -3.68893 0.707255 8.51197 9 9 7 0.122923 4 2125 9 1478
994 -0.502253 8.02623 13.352 95 86 79 0.22422 13 2233 15 2531 3 2515
995 -2.53783 8.03536 12.67 137 137 138 0.822495 13 2251 3 2524 4 2273
997 0.263071 8.11529 12.7841 84 73 67 1.31972 2 2790 14 2832 3 2564
1039 2.9708 0.683897 11.7123 8 8 8 0.463653 2 3837 4 2818
998 3.35965 -0.403564 15.0989 72 99 25 1.16457 13 2293 3 2616 9 1615
999 0.641046 0.589842 14.1842 85 71 62 2.29385 13 2534 3 2636 4 2136 5 1664
1147 -1.47136 1.03946 9.63638 77 86 78 0.72176 4 2584 5 1777 9 1756
1002 -4.1697 0.773418 7.24527 43 44 46 1.32803 2 2452 3 2662 4 1824
1003 -0.143191 1.38124 5.7911 0 0 0 1.46617 2 2937 14 3006 13 2028
1005 2.55205 7.44832 16.8853 43 43 41 1.42681 13 2120 3 2750 5 1616
1047 -0.187706 1.36906 5.76384 27 26 24 2.25444 13 2975 14 3846 3 3401
1006 1.87923 7.8337 14.9708 43 41 42 1.90419 13 2179 3 2783 4 2437
1007 -1.74736 7.92587 13.4672 130 134 135 0.943435 2 3111 3 2803 4 2255
1009 4.59978 0.373889 13.6349 180 175 169 1.59009 2 3191 3 2885
1091 -1.2156 0.86202 10.481 64 72 100 0.306034 4 1305 5 292 9 272
1010 2.61281 0.561392 12.2775 14 14 15 0.187626 13 2537 3 2890
1011 -2.87511 1.07222 7.54021 80 78 76 0.873711 13 2551 3 2909
1013 1.34113 7.42844 16.5525 71 73 70 1.49572 13 2429 3 2947 9 1692
1055 1.88987 0.629405 13.1987 212 167 137 0.62378 3 2225 4 1300 5 888 9 885
1014 0.982583 7.48039 15.6118 59 54 54 2.63606 3 2952 9 1698
1015 2.14704 0.205923 15.2075 170 158 144 0.520354 13 2639 3 3032 4 2564
1017 -1.38195 1.44291 6.65405 66 62 58 0.717779 2 3400 13 2680 14 3557 3 3072
1021 0.103039 7.59848 13.807 64 73 80 1.76819 13 2602 3 3101 4 2539
1023 0.47246 0.434213 14.4442 15 15 13 1.21151 13 2738 3 3134 4 2568 5 1832
1025 2.84183 7.1803 17.3036 60 55 51 0.389989 13 2786 14 3478 3 3185
1028 -2.17412 1.07881 8.93021 169 166 165 2.3234 13 2840 3 3238 5 1895 4 2697 9 1883
1029 -1.16938 1.50805 5.28211 168 138 104 0.50071 13 2773 14 3567 3 3250
1033 -0.821936 0.769888 11.4954 92 80 68 1.07245 13 2906 14 3729 3 3353 4 2738
1037 1.87244 7.35197 16.9161 108 112 113 0.0122615 13 3018 3 3409
1041 -1.19911 1.38949 6.81753 167 141 113 1.90699 13 1423 3 1707
1049 -2.92062 0.839781 8.02459 150 134 121 1.60447 3 273 4 303
1053 -0.975183 0.9352 5.90136 255 254 251 1.05422 3 1683 4 390
1054 2.44112 0.151798 15.4008 183 171 162 0.538702 3 116 4 1245 5 130
1056 -0.161173 1.33049 5.77964 66 68 67 0.380503 4 1381 5 457
1057 2.5702 6.90305 17.365 109 106 101 1.39514 13 577 4 1461 5 582 9 1365
1059 2.32631 6.94104 16.9931 97 93 92 0.895261 3 604 4 1465 5 597 9 1096
1065 -1.82586 0.901182 9.98169 94 39 40 0.348853 3 2665 5 1547
1066 2.87784 0.653183 11.9718 30 30 28 0.840526 15 2756 4 2156 5 1278
1071 1.27207 0.207347 13.9189 184 180 171 1.93713 3 3129 4 2631 5 1881
1072 1.27207 0.207347 13.9189 184 180 171 1.93713 3 3130 4 2632 5 1882
1074 2.72106 7.12482 17.7297 86 79 73 1.28424 3 3184 4 2669 5 1912
1080 2.03487 1.91233 7.43205 33 33 35 1.28781 3 3402 4 2774 5 2011 9 1995
1081 0.355456 1.63544 5.43793 148 122 92 2.19689 13 2686 3 3081 4 2509 14 3304 13 2394 3 2708 5 1801
1082 2.72116 7.04091 17.0355 144 154 155 0.530964 4 2216 5 1401
1087 1.97429 0.391761 14.8035 70 62 51 0.324597 4 262 5 171 9 834
1088 -2.4747 0.578727 9.6098 117 118 118 2.08315 4 1252 5 192 9 1471
1089 -2.60311 0.661082 9.42675 7 1 1 1.07565 4 1265 5 214 9 1235
1090 4.74435 0.496559 13.2994 59 56 51 0.741848 3 180 5 244 9 326
1093 -1.36773 0.914202 10.2706 46 54 47 0.682024 3 1617 4 338 5 300
1095 -1.35468 1.00909 9.731 67 69 58 0.332356 4 1332 5 334 9 337
1096 -2.27024 1.00554 7.89992 71 78 90 0.656197 4 355 5 349 9 323
1097 -2.73231 1.10277 8.83723 114 110 107 0.0181773 4 364 5 351
1098 -2.12726 1.17175 8.54351 66 62 58 0.636325 4 420 5 386 9 427
1099 -2.03961 1.20791 8.31847 108 79 63 0.343303 4 424 5 408 9 445
1101 2.56991 7.06016 17.046 103 121 133 0.408582 4 1472 9 1102
1102 2.56991 7.06016 17.046 103 121 133 0.408582 4 1473 9 1103
1103 2.65668 7.1354 17.0768 78 105 129 0.256538 5 618 9 1108
1104 2.63313 7.2618 17.002 104 114 126 0.646558 3 638 4 1485 5 632 9 1128
1109 2.065 0.510267 13.8841 193 140 93 0.565159 4 299 5 868 9 863
1112 -1.52674 0.937525 10.1742 16 33 27 0.140348 4 1309 5 933 9 291
1117 2.57122 6.90153 17.2286 139 140 142 0.959986 4 1463 5 1084 9 1369
1120 4.78528 0.499326 13.2946 29 28 23 1.06223 15 1849 5 1267 9 1292
1121 -2.09953 0.856129 9.56714 88 76 60 1.91495 3 2249 5 1282 9 1258
1122 -1.9962 0.997256 9.78396 45 15 15 0.437638 4 1860 5 1297 9 1283
1125 3.94421 0.825908 12.3084 183 169 158 1.31876 3 240 5 1315 9 1533
1127 2.11365 1.82529 7.46017 128 132 133 1.22846 4 2198 5 1366 9 1556
1128 2.11365 1.82529 7.46017 128 132 133 1.22846 4 2197 5 1367 9 1557
1129 2.52974 7.14501 16.969 64 94 120 0.680511 4 2219 5 1406 9 1579
1130 -2.56718 0.731282 9.34317 0 0 0 0.611315 4 2343 5 1517 9 1484
1133 -2.02098 0.942188 9.65713 61 17 18 0.798476 4 2358 5 1549 9 1505
1135 0.138268 1.26714 6.2357 186 166 141 0.910425 4 2374 5 1575 9 1663
1136 0.114325 1.27432 6.15186 187 171 141 0.845594 4 2376 5 1578 9 1546
1137 0.571351 7.63108 15.5214 70 62 60 0.0143694 4 2233 5 1623
1138 1.70512 -0.0854711 13.7049 11 13 12 1.64942 4 2327 5 1648 9 1617
1143 -0.265174 2.10771 5.10395 100 99 94 0.434698 4 2516 13 2074 5 1715
1144 -4.52986 0.55692 7.39631 36 34 31 0.150869 5 1753 9 1718
1145 0.93519 0.563403 13.9035 91 79 67 1.78 13 2647 5 1759
1146 1.0567 0.554012 13.8348 89 73 58 1.74451 13 2648 5 1761 3 3042
1149 -4.09141 0.640951 7.48617 42 41 41 1.66098 4 2563 5 1834 9 1810
1151 -2.23615 0.87375 10.4291 146 155 162 0.858453 4 2574 5 1840 9 1742
1152 -1.13267 0.944854 10.1428 198 191 196 0.766726 4 2578 5 1841 9 1822
1154 -4.28613 0.730647 7.2447 15 15 15 0.658883 5 1886 9 1814
1156 2.23598 6.83277 16.8346 76 74 77 1.02536 4 2668 5 1911
1157 1.58445 0.0240382 13.5126 21 19 20 0.727847 4 2734 5 1936 9 1957
1158 -4.46328 0.409863 7.51194 156 151 145 1.3807 3 3419 5 1998 9 1956
1160 -4.03801 0.565857 8.27026 2 4 3 0.0913398 5 2035 9 2014
1163 1.67931 -0.0319441 13.6542 177 190 190 0.906127 4 1220 9 96
1164 -1.99132 0.94393 9.82837 60 9 14 0.384877 5 305 9 284
1166 4.3759 -2.21744 11.4294 186 163 129 2.16435 5 63 9 1193
1168 -2.06644 0.816172 9.63907 100 39 42 0.556077 4 2349 5 1535 9 1494
1171 -1.13032 0.941406 10.1373 199 188 184 0.899659 5 1773 9 1749
1173 -0.200308 2.08329 5.03439 112 107 103 1.77178 4 2515 9 1778 5 1714
1174 0.885999 0.443472 13.8746 160 136 108 1.19795 5 1937 9 1872
1176 1.93034 7.11151 16.2755 83 79 76 0.654533 4 2776 5 2015 9 1998
1179 -1.73515 0.87194 9.92674 0 0 0 1.99844 3 2661 4 2143
1180 0.542439 1.91607 5.32526 112 109 104 2.61238 4 2205 9 1774 5 1713
1181 -1.69643 0.704916 10.4185 68 40 41 0.827137 5 1889 9 1875
1182 -3.14702 0.716209 8.73313 108 101 93 1.24906 5 1887 9 1924
